1069.45	19.4889
1068.75	19.4889
1068.04	19.4889
1067.33	19.6722
1066.63	19.4967
1065.92	19.4967
1065.21	19.5167
1064.51	19.4967
1063.8	19.4489
1063.09	19.6522
1062.39	19.5933
1061.68	19.4544
1060.97	19.5656
1060.26	19.4822
1059.55	19.52
1058.85	19.4989
1058.14	19.3356
1057.43	19.4333
1056.72	19.2344
1056.02	19.3433
1055.31	19.3778
1054.6	19.2233
1053.89	19.3611
1053.18	19.35
1052.48	19.2456
1051.77	19.1344
1051.06	19.3011
1050.35	19.3078
1049.64	19.31
1048.93	19.1078
1048.22	19.2078
1047.52	19.0856
1046.81	19.0978
1046.1	19.0789
1045.39	18.9944
1044.68	19.0622
1043.97	18.8589
1043.26	18.8578
1042.55	18.9678
1041.84	18.9189
1041.13	18.94
1040.43	18.9011
1039.72	18.6989
1039.01	18.5978
1038.3	18.7622
1037.59	18.7411
1036.88	18.5711
1036.17	18.5189
1035.46	18.6656
1034.75	18.5867
1034.04	18.6811
1033.33	18.6067
1032.62	18.4889
1031.91	18.59
1031.2	18.6389
1030.49	18.3856
1029.78	18.5589
1029.07	18.4567
1028.36	18.3056
1027.65	18.4856
1026.93	18.5556
1026.22	18.3367
1025.51	18.6089
1024.8	18.4578
1024.09	18.3056
1023.38	18.4178
1022.67	18.2856
1021.96	18.3789
1021.25	18.2978
1020.53	18.2833
1019.82	18.3256
1019.11	18.1567
1018.4	18.3022
1017.69	18.2044
1016.98	18.1622
1016.27	18.3078
1015.55	18.1311
1014.84	18.0644
1014.13	18.2089
1013.42	18.21
1012.7	18.1367
1011.99	18.0767
1011.28	18.1067
1010.57	18.2478
1009.86	18.0189
1009.14	18.1978
1008.43	18.1933
1007.72	18.2222
1007.01	18.2533
1006.29	18.2533
1005.58	18.1833
1004.87	18.2511
1004.15	18.1322
1003.44	18.2389
1002.73	18.1767
1002.01	18.1089
1001.3	18.0644
1000.59	18.0978
999.875	18.1567
999.161	18.1089
998.448	17.9444
997.734	17.8422
997.021	17.9633
996.307	17.8967
995.594	18.0467
994.879	17.9889
994.167	17.9222
993.452	17.8667
992.737	18.0833
992.024	17.8733
991.309	17.9356
990.595	17.9244
989.881	17.9567
989.167	18.0322
988.452	17.9244
987.738	17.8222
987.023	17.9533
986.308	17.8156
985.593	17.7356
984.88	17.6833
984.164	17.7456
983.449	17.7656
982.734	17.7256
982.019	17.7411
981.303	17.5978
980.588	17.7778
979.874	17.6278
979.159	17.5689
978.443	17.5611
977.727	17.6144
977.012	17.6844
976.296	17.5322
975.58	17.5411
974.865	17.4767
974.149	17.6567
973.433	17.6189
972.717	17.5433
972.001	17.3111
971.285	17.5333
970.569	17.4089
969.851	17.4656
969.135	17.4856
968.419	17.53
967.703	17.41
966.986	17.4033
966.27	17.4611
965.552	17.4656
964.836	17.33
964.119	17.3744
963.403	17.3422
962.685	17.2056
961.968	17.3067
961.251	17.3011
960.535	17.2767
959.816	17.2711
959.1	17.2467
958.383	17.1989
957.664	17.2722
956.948	17.1622
956.229	17.2289
955.512	17.1833
954.793	17.1844
954.076	17.1844
953.359	17.1733
952.64	17.0867
951.923	17.0667
951.204	17.0033
950.487	17.1856
949.768	17.1011
949.049	16.94
948.332	17.0533
947.612	17.3044
946.895	17.0256
946.176	17
945.457	16.9911
944.739	16.9922
944.02	17.1189
943.3	16.9622
942.583	16.9156
941.863	16.8867
941.143	16.8133
940.426	16.8989
939.706	16.8578
938.986	16.9189
938.267	16.9144
937.547	16.6633
936.829	16.5778
936.109	16.4933
935.389	16.8711
934.669	16.8256
933.949	16.7911
933.229	16.8556
932.509	16.7978
931.789	16.7744
931.071	16.8156
930.35	16.6744
929.63	16.7256
928.91	16.8122
928.19	16.6133
927.469	16.7067
926.749	16.7722
926.028	16.6711
925.306	16.6322
924.586	16.7567
923.865	16.6967
923.145	16.5533
922.424	16.6256
921.703	16.7133
920.982	16.6189
920.262	16.6867
919.539	16.7611
918.818	16.5622
918.097	16.5533
917.376	16.6244
916.655	16.5067
915.932	16.6289
915.211	16.5533
914.49	16.4767
913.767	16.5044
913.046	16.61
912.325	16.69
911.602	16.5467
910.88	16.5811
910.159	16.5433
909.436	16.5567
908.714	16.4878
907.991	16.4889
907.269	16.4089
906.548	16.3478
905.824	16.4856
905.103	16.4044
904.379	16.3733
903.657	16.2978
902.934	16.48
902.21	16.3211
901.488	16.3489
900.765	16.3644
900.043	16.3422
899.319	16.3489
898.597	16.2878
897.873	16.3433
897.149	16.2578
896.427	16.3133
895.703	16.23
894.979	16.2344
894.254	16.2744
893.532	16.2878
892.808	16.2978
892.084	16.1467
891.359	16.1622
890.637	16.3022
889.912	16.1111
889.188	16.2344
888.464	16.1444
887.739	16.18
887.016	16.23
886.292	16.19
885.567	16.05
884.842	16.1478
884.118	16.1289
883.393	16.0856
882.668	16.1133
881.943	15.9289
881.218	16.1678
880.493	16.0744
879.768	15.98
879.043	16.0356
878.318	15.9478
877.593	15.9333
876.868	16.1056
876.143	16.09
875.418	15.9156
874.691	15.9967
873.965	15.9622
873.24	15.95
872.514	15.9733
871.789	15.9311
871.063	15.9556
870.336	16.0133
869.611	15.9511
868.885	15.9289
868.159	15.8911
867.432	15.9744
866.706	15.9433
865.98	15.8567
865.254	16.0511
864.527	15.9411
863.801	15.8844
863.073	15.9811
862.347	15.8567
861.621	15.8033
860.893	15.9656
860.167	15.7933
859.439	15.85
858.713	15.9178
857.986	15.91
857.258	15.8333
856.532	15.7667
855.804	15.7644
855.075	15.7289
854.349	15.8078
853.62	15.8444
852.894	15.7856
852.165	15.8533
851.439	15.7678
850.71	15.74
849.982	15.7467
849.255	15.8522
848.526	15.6989
847.798	15.8067
847.071	15.7044
846.342	15.8478
845.613	15.7033
844.886	15.7878
844.157	15.7778
843.428	15.7933
842.699	15.8644
841.97	15.8656
841.243	15.6811
840.514	15.8367
839.785	15.7644
839.055	15.7411
838.326	15.6678
837.597	15.7633
836.867	15.6611
836.138	15.8667
835.41	15.8511
834.681	15.6456
833.951	15.7044
833.222	15.7356
832.492	15.61
831.763	15.78
831.033	15.8044
830.303	15.7689
829.573	15.8633
828.842	15.7956
828.112	15.6522
827.382	15.7267
826.652	15.7589
825.922	15.7511
825.192	15.76
824.462	15.8178
823.732	15.8333
823	15.85
822.27	15.7178
821.539	15.7744
820.809	15.7033
820.077	15.78
819.347	15.81
818.616	15.7011
817.886	15.8367
817.153	15.7589
816.423	15.7567
815.692	15.7089
814.96	15.7267
814.229	15.7278
813.498	15.6967
812.766	15.6322
812.035	15.9044
811.302	15.75
810.571	15.8078
809.839	15.7711
809.108	15.8278
808.375	15.8033
807.644	15.8011
806.911	15.8544
806.18	15.7889
805.446	15.8333
804.715	15.8578
803.982	15.9067
803.251	15.8911
802.518	15.8411
801.784	15.8122
801.053	15.9
800.319	15.77
799.588	15.7922
798.854	15.8433
798.121	15.9678
797.388	15.8711
796.656	15.9433
795.922	15.8022
795.189	15.68
794.455	15.8189
793.723	15.85
792.989	15.9656
792.255	15.8244
791.521	15.7878
790.788	15.8844
790.055	15.8611
789.321	15.7889
788.587	15.7633
787.853	15.8178
787.119	15.8344
786.385	15.8156
785.651	15.92
784.917	15.6978
784.182	15.8856
783.448	15.7833
782.713	15.6756
781.979	15.9778
781.245	15.86
780.51	15.7689
779.775	15.8244
779.041	15.8922
778.306	16.0289
777.571	15.82
776.837	15.87
776.1	15.8122
775.365	15.7956
774.63	15.87
773.895	15.8778
773.16	15.7822
772.424	15.7011
771.689	15.7589
770.953	15.8011
770.218	15.7789
769.481	15.6567
768.746	15.5967
768.011	15.6656
767.276	15.8056
766.538	15.8767
765.803	15.74
765.067	15.6944
764.33	15.8222
763.595	15.7733
762.857	15.6267
762.122	15.77
761.384	15.7044
760.648	15.7344
759.913	15.7278
759.175	15.7489
758.439	15.7289
757.701	15.7244
756.966	15.8244
756.228	15.9189
755.49	15.9211
754.754	15.8233
754.016	15.8889
753.28	15.9778
752.542	16.1433
751.804	15.9533
751.067	15.9944
750.329	16.0011
749.593	15.9311
748.854	15.9133
748.116	15.97
747.378	15.83
746.641	15.8222
745.903	15.7522
745.164	15.6744
744.426	15.51
743.689	15.52
742.951	15.46
742.212	15.5111
741.473	15.5089
740.735	15.4178
739.996	15.3267
739.259	15.2256
738.52	15.17
737.781	15.2022
737.042	15.2522
736.303	15.1911
735.564	15.1633
734.825	15.2233
734.086	15.1022
733.347	15.0622
732.607	15.1622
731.868	15.0289
731.129	14.8444
730.389	15
729.65	14.9989
728.911	15.0644
728.171	14.7867
727.431	15.03
726.69	14.9756
725.951	14.8844
725.211	14.8711
724.471	14.8344
723.731	14.91
722.991	14.9556
722.25	14.8267
721.51	14.9644
720.77	15.0067
720.03	14.8189
719.288	14.9578
718.548	14.7844
717.808	14.9744
717.066	14.7878
716.326	14.8833
715.586	14.8389
714.843	14.7567
714.103	14.7922
713.363	14.7444
712.62	14.7333
711.88	14.8089
711.138	14.68
710.397	14.6389
709.655	14.7356
708.914	14.6844
708.171	14.6311
707.431	14.6811
706.688	14.6011
705.947	14.6767
705.205	14.66
704.464	14.6733
703.721	14.6422
702.98	14.6622
702.237	14.6967
701.494	14.6644
700.753	14.5011
700.01	14.4967
699.267	14.5011
698.525	14.5811
697.782	14.5778
697.039	14.4756
696.298	14.4811
695.554	14.5278
694.811	14.5233
694.068	14.44
693.326	14.41
692.583	14.5867
691.839	14.4933
691.096	14.44
690.352	14.4911
689.608	14.55
688.866	14.6156
688.123	14.5756
687.379	14.5267
686.635	14.5356
685.891	14.5667
685.147	14.4678
684.403	14.5556
683.659	14.4478
682.915	14.4178
682.171	14.5167
681.427	14.47
680.683	14.4844
679.939	14.4378
679.194	14.4
678.45	14.36
677.706	14.4567
676.961	14.4156
676.215	14.3344
675.47	14.4344
674.726	14.3267
673.981	14.4733
673.237	14.4978
672.492	14.5422
671.745	14.3467
671.001	14.2878
670.256	14.4144
669.511	14.3767
668.764	14.3111
668.019	14.3856
667.274	14.4422
666.529	14.3733
665.782	14.5244
665.037	14.4222
664.292	14.4467
663.545	14.3533
662.799	14.3744
662.052	14.3578
661.307	14.4411
660.562	14.4333
659.814	14.5167
659.069	14.3844
658.321	14.43
657.576	14.5911
656.828	14.4456
656.083	14.3989
655.335	14.4367
654.589	14.4344
653.842	14.4689
653.096	14.3944
652.348	14.4789
651.6	14.6578
650.854	14.5511
650.106	14.6756
649.358	14.7656
648.612	14.9044
647.864	14.8333
647.116	15.04
646.37	15.0767
645.622	15.1644
644.874	14.9844
644.127	14.9933
643.379	14.8156
642.631	14.9044
641.882	14.73
641.134	14.5956
640.387	14.6456
639.639	14.5244
638.89	14.5167
638.141	14.4333
637.393	14.4189
636.644	14.4678
635.895	14.3811
635.148	14.5178
634.4	14.38
633.651	14.4378
632.902	14.6378
632.153	14.3222
631.404	14.42
630.655	14.3056
629.906	14.4689
629.156	14.3711
628.407	14.4056
627.658	14.3189
626.909	14.5467
626.158	14.4489
625.408	14.3478
624.659	14.3956
623.909	14.2767
623.16	14.5056
622.41	14.1556
621.661	14.37
620.909	14.2367
620.159	14.4433
619.41	14.3267
618.66	14.2867
617.91	14.2622
617.158	14.3356
616.408	14.3011
615.658	14.1789
614.906	14.1967
614.156	14.1756
613.406	14.2778
612.654	14.2489
611.904	14.3767
611.154	14.3611
610.402	14.2244
609.651	14.2811
608.899	14.16
608.149	14.2211
607.398	14.3589
606.646	14.2644
605.895	14.2856
605.143	14.2889
604.392	14.3744
603.64	14.3933
602.889	14.4244
602.136	14.1667
601.383	14.3456
600.633	14.3967
599.88	14.3
599.129	14.4167
598.376	14.26
597.623	14.5867
596.872	14.5211
596.119	14.4956
595.366	14.6633
594.615	14.6156
593.861	14.7422
593.108	14.6833
592.357	14.7867
591.604	14.7867
590.85	14.8133
590.097	14.8733
589.345	14.95
588.592	14.9122
587.838	14.9356
587.085	14.9211
586.331	14.9
585.577	14.9767
584.824	14.9
584.072	14.7733
583.318	14.7911
582.564	14.7911
581.81	14.7422
581.056	14.7078
580.302	14.7922
579.548	14.6767
578.794	14.8867
578.04	14.89
577.286	14.6311
576.532	14.8078
575.778	14.5133
575.023	14.4867
574.269	14.4711
573.514	14.45
572.76	14.3244
572.004	14.3356
571.249	14.2944
570.495	14.2867
569.74	14.2822
568.985	14.1089
568.231	14.2044
567.474	14.1511
566.719	14.0867
565.964	14.2111
565.209	14.3133
564.453	14.1444
563.698	14.2344
562.943	14.1578
562.187	14.0367
561.43	14.0078
560.675	14.0089
559.92	14.04
559.163	14.0822
558.408	14.0111
557.65	14.0678
556.895	14.1144
556.14	13.9133
555.382	14.0511
554.627	13.9956
553.869	13.9022
553.114	14.0078
552.356	13.98
551.6	13.95
550.843	14.0078
550.087	14.0322
549.329	14.0311
548.573	13.9833
547.815	13.9589
547.059	14.1878
546.301	13.9522
545.543	13.9411
544.787	14.0811
544.029	14.0222
543.271	13.9311
542.515	13.9233
541.757	13.9133
540.998	13.9378
540.242	13.97
539.484	13.9289
538.725	13.96
537.967	13.9722
537.21	13.9889
536.452	13.9122
535.693	14.1122
534.935	13.9733
534.176	14.1356
533.419	14.1089
532.66	13.9
531.901	13.95
531.143	13.9056
530.384	13.9267
529.625	14.05
528.866	13.9733
528.107	14.01
527.348	14.0189
526.589	13.9367
525.829	14.0456
525.07	14.0889
524.311	14.0322
523.552	13.9078
522.792	13.9411
522.033	13.9633
521.273	13.9622
520.514	14.1267
519.754	14
518.995	14.0578
518.235	14.12
517.475	14.1033
516.714	13.9556
515.954	14.0056
515.194	14.0511
514.434	14.0411
513.674	14.0267
512.913	14.1233
512.153	13.9244
511.393	14.0622
510.632	14.1422
509.871	14.0544
509.11	14.0522
508.35	14.03
507.59	14.0433
506.828	14.05
506.067	14.0856
505.307	13.98
504.544	14.1544
503.784	14.1311
503.021	14.1756
502.261	14.1778
501.498	14.2167
500.738	14.1733
499.977	14.2633
499.214	14.2556
498.453	14.2811
497.691	14.46
496.93	14.5978
496.167	14.8856
495.406	15.1511
494.643	15.4622
493.88	15.6944
493.119	16.0267
492.355	16.2622
491.594	16.4278
490.831	16.38
490.068	16.1544
489.306	15.9311
488.543	15.7578
487.78	15.4811
487.018	15.2167
486.255	14.8322
485.491	14.76
484.728	14.6411
483.966	14.4311
483.202	14.3756
482.438	14.1789
481.675	14.4
480.911	14.2078
480.149	14.3833
479.385	14.37
478.621	14.4056
477.857	14.1656
477.093	14.3522
476.329	14.42
475.565	14.34
474.803	14.2033
474.038	14.1789
473.274	14.1544
472.51	14.1433
471.745	14.0233
470.981	14.0544
470.217	13.8478
469.452	13.8333
468.687	13.7911
467.923	13.7433
467.158	13.8278
466.392	13.8156
465.627	13.6089
464.862	13.8722
464.097	13.9344
463.332	13.7822
462.568	13.6456
461.803	13.5911
461.037	13.7589
460.271	13.6967
459.505	13.7222
458.74	13.7567
457.975	13.7856
457.208	13.7978
456.443	13.7033
455.677	13.8456
454.912	13.9278
454.145	14.0689
453.379	14.2111
452.613	14.2322
451.846	14.47
451.08	14.6211
450.315	14.8444
449.547	14.77
448.781	14.76
448.014	14.5689
447.248	14.4467
446.482	14.4078
445.714	14.2111
444.948	14.3244
444.18	14.0044
443.414	13.9667
442.646	13.8178
441.88	13.8633
441.112	13.7433
440.345	13.6678
439.577	13.6744
438.809	13.5889
438.042	13.4844
437.274	13.48
436.507	13.4056
435.739	13.4756
434.97	13.64
434.204	13.6722
433.435	13.8189
432.667	13.7589
431.9	13.8522
431.131	13.6467
430.362	13.7089
429.593	13.5567
428.826	13.4589
428.057	13.4389
427.288	13.4022
426.519	13.3856
425.752	13.4933
424.983	13.5256
424.214	13.47
423.445	13.5567
422.675	13.7389
421.906	14.3078
421.137	15.2856
420.367	16.9233
419.6	18.2667
418.83	18.5889
418.061	18.5089
417.291	17.1711
416.521	15.2967
415.752	14.3567
414.982	13.6311
414.212	13.5456
413.442	13.3733
412.672	13.2867
411.902	13.2278
411.131	13.1144
410.361	13.2189
409.591	13.11
408.82	13.1211
408.05	13.17
407.28	13.0178
406.51	13.1233
405.739	13.1644
404.967	13.0856
404.197	13.2089
403.426	13.1467
402.656	12.95
401.885	13.1544
401.113	13.0944
400.342	13.1233
399.571	13.0533
398.799	13.0711
398.028	13.1111
397.257	13.0389
396.484	13.0222
395.713	12.8978
394.942	12.9822
394.169	12.9956
393.398	13.0411
392.627	13.0644
391.854	12.8511
391.083	13
390.31	13.0122
389.538	12.8
388.765	12.9267
387.994	12.9922
387.22	12.9878
386.449	12.9544
385.676	13.0533
384.904	13.1267
384.13	13.1244
383.359	13.3867
382.585	13.4989
381.811	14.2089
381.039	14.5833
380.266	14.5467
379.494	14.4733
378.72	14.0744
377.946	13.5522
377.174	13.1156
376.4	12.94
375.626	12.9333
374.853	12.7567
374.079	12.8922
373.305	12.7856
372.531	12.6867
371.757	12.74
370.984	12.8522
370.21	12.7156
369.435	12.7956
368.661	12.7622
367.886	12.8078
367.113	12.7533
366.339	12.6033
365.564	12.6256
364.789	12.6556
364.014	12.6622
363.24	12.6578
362.465	12.5689
361.69	12.5111
360.915	12.6
360.14	12.5878
359.365	12.5989
358.59	12.6778
357.814	12.6189
357.039	12.5189
356.264	12.5067
355.489	12.5122
354.713	12.5611
353.938	12.4611
353.162	12.5133
352.387	12.3889
351.611	12.4822
350.834	12.4467
350.058	12.3689
349.282	12.4322
348.507	12.3767
347.731	12.4133
346.955	12.4044
346.177	12.32
345.401	12.2456
344.625	12.2889
343.849	12.4844
343.071	12.3133
342.295	12.3089
341.519	12.4022
340.741	12.4233
339.964	12.4256
339.188	12.38
338.41	12.2344
337.633	12.2422
336.857	12.27
336.078	12.2567
335.302	12.3211
334.523	12.1344
333.747	12.2122
332.968	12.1844
332.191	12.1411
331.412	12.1333
330.636	12.3344
329.857	12.24
329.08	12.2111
328.301	12.0944
327.524	12.2378
326.745	12.17
325.968	12.0944
325.189	12.2422
324.411	12.1144
323.632	12.0867
322.853	12.0122
322.075	12.1356
321.296	11.9789
320.517	12.0956
319.739	12.0389
318.96	12.08
318.18	12.1622
317.402	11.9078
316.623	12.2911
315.843	12.1156
315.063	12.0411
314.283	12.0389
313.505	12.05
312.726	12.0222
311.946	12.05
311.166	12.0533
310.386	11.9967
309.607	11.96
