1069.45	25.81
1068.75	25.81
1068.04	25.81
1067.33	25.6822
1066.63	25.7433
1065.92	25.8233
1065.21	25.6456
1064.51	25.8678
1063.8	25.6733
1063.09	25.7211
1062.39	25.6822
1061.68	25.7378
1060.97	25.6056
1060.26	25.6133
1059.55	25.6556
1058.85	25.7
1058.14	26.0567
1057.43	25.5789
1056.72	25.5044
1056.02	25.4211
1055.31	25.5356
1054.6	25.4222
1053.89	25.49
1053.18	25.4922
1052.48	25.4644
1051.77	25.4256
1051.06	25.5222
1050.35	25.2622
1049.64	25.3089
1048.93	26.1611
1048.22	25.4333
1047.52	25.2378
1046.81	25.3122
1046.1	25.0411
1045.39	25.0733
1044.68	25.0122
1043.97	24.9378
1043.26	24.9667
1042.55	24.89
1041.84	24.9256
1041.13	24.81
1040.43	24.77
1039.72	24.6433
1039.01	24.9556
1038.3	24.8333
1037.59	24.6678
1036.88	24.7656
1036.17	24.7056
1035.46	24.7511
1034.75	24.6078
1034.04	24.6156
1033.33	24.5178
1032.62	24.6033
1031.91	24.5267
1031.2	24.6289
1030.49	24.6122
1029.78	24.4078
1029.07	24.5178
1028.36	24.3444
1027.65	24.4156
1026.93	24.3156
1026.22	24.4011
1025.51	24.2156
1024.8	24.41
1024.09	24.2711
1023.38	24.4044
1022.67	24.1333
1021.96	24.2222
1021.25	24.1911
1020.53	24.3322
1019.82	24.1189
1019.11	24.0444
1018.4	24.0678
1017.69	24.3533
1016.98	24.2267
1016.27	24.2844
1015.55	24.1744
1014.84	24.1644
1014.13	24.1022
1013.42	24.14
1012.7	24.0256
1011.99	24.1411
1011.28	24.0267
1010.57	23.8856
1009.86	23.7589
1009.14	24.0578
1008.43	23.9889
1007.72	24.0089
1007.01	24.13
1006.29	24.0789
1005.58	24.1733
1004.87	24.0967
1004.15	25.1311
1003.44	24.1589
1002.73	24.0644
1002.01	25.18
1001.3	24.9344
1000.59	23.9767
999.875	23.8178
999.161	23.9978
998.448	23.7733
997.734	23.7711
997.021	23.7111
996.307	23.9411
995.594	23.6444
994.879	23.6767
994.167	23.8856
993.452	23.8167
992.737	23.7889
992.024	23.67
991.309	23.63
990.595	23.8011
989.881	23.6056
989.167	23.6189
988.452	23.5067
987.738	23.6956
987.023	23.6478
986.308	23.8111
985.593	23.5289
984.88	23.5911
984.164	23.6544
983.449	23.3811
982.734	23.54
982.019	23.5644
981.303	23.4533
980.588	23.4656
979.874	23.3567
979.159	23.2533
978.443	23.5789
977.727	23.3856
977.012	23.4678
976.296	23.1622
975.58	23.1867
974.865	23.46
974.149	23.2889
973.433	23.1611
972.717	23.3467
972.001	23.05
971.285	23.2633
970.569	23.26
969.851	23.1989
969.135	23.0433
968.419	23.07
967.703	23.1844
966.986	23.1944
966.27	23.0933
965.552	23.0889
964.836	23.0656
964.119	23.1078
963.403	23.0711
962.685	23.0011
961.968	22.9889
961.251	22.94
960.535	22.9522
959.816	22.9578
959.1	22.9122
958.383	22.8722
957.664	22.8678
956.948	22.8333
956.229	22.9756
955.512	22.7978
954.793	22.7033
954.076	22.6867
953.359	22.7411
952.64	22.5867
951.923	22.6756
951.204	22.6633
950.487	22.7122
949.768	22.5367
949.049	22.5544
948.332	22.8378
947.612	22.6456
946.895	22.43
946.176	22.4867
945.457	22.3511
944.739	22.3522
944.02	22.5556
943.3	22.5033
942.583	22.51
941.863	22.3344
941.143	22.4478
940.426	22.4644
939.706	22.41
938.986	22.3056
938.267	22.3933
937.547	22.0567
936.829	21.9511
936.109	21.8467
935.389	22.4333
934.669	22.1244
933.949	22.7656
933.229	22.2067
932.509	22.3444
931.789	22.3356
931.071	22.2578
930.35	22.1578
929.63	22.22
928.91	22.1767
928.19	22.1056
927.469	22.2167
926.749	22.14
926.028	22.1278
925.306	22.2489
924.586	22.1789
923.865	22.2489
923.145	22.0667
922.424	22.0933
921.703	22.0011
920.982	21.9878
920.262	22.1756
919.539	22.1178
918.818	22.0867
918.097	21.8278
917.376	22.0111
916.655	21.9611
915.932	21.9711
915.211	22.98
914.49	22.1578
913.767	21.9978
913.046	22.12
912.325	21.9889
911.602	22.0467
910.88	21.97
910.159	22.0178
909.436	21.9289
908.714	21.9678
907.991	21.9644
907.269	21.9744
906.548	21.7367
905.824	21.6544
905.103	21.7489
904.379	21.7567
903.657	21.7056
902.934	21.7011
902.21	21.8367
901.488	21.6456
900.765	21.6822
900.043	21.6711
899.319	22.2189
898.597	22.7144
897.873	22.6411
897.149	22.4222
896.427	22.38
895.703	22.5489
894.979	22.0889
894.254	21.4233
893.532	21.3211
892.808	21.68
892.084	21.5833
891.359	21.4533
890.637	21.4789
889.912	21.5167
889.188	21.3067
888.464	21.6233
887.739	21.4156
887.016	21.3467
886.292	21.3267
885.567	21.2233
884.842	21.4
884.118	21.3556
883.393	21.35
882.668	21.3378
881.943	21.3967
881.218	21.2789
880.493	21.3344
879.768	21.2511
879.043	21.3711
878.318	21.3011
877.593	21.3
876.868	21.6678
876.143	21.3733
875.418	21.4167
874.691	21.1567
873.965	21.2978
873.24	21.3567
872.514	21.2944
871.789	21.2333
871.063	21.2167
870.336	21.26
869.611	21.3067
868.885	21.1211
868.159	21.1044
867.432	21.1456
866.706	21.0256
865.98	21.0389
865.254	20.8833
864.527	20.9922
863.801	21.0233
863.073	21.1911
862.347	21.1411
861.621	20.8411
860.893	20.9356
860.167	20.8356
859.439	21.0444
858.713	21.0167
857.986	20.8689
857.258	20.8389
856.532	21.0856
855.804	20.94
855.075	21.0056
854.349	20.86
853.62	20.9011
852.894	20.8889
852.165	20.7778
851.439	21.0433
850.71	20.8633
849.982	20.9911
849.255	20.9322
848.526	20.8811
847.798	20.75
847.071	20.9111
846.342	20.8889
845.613	20.6144
844.886	20.8433
844.157	20.84
843.428	20.9511
842.699	20.9
841.97	20.9578
841.243	20.8733
840.514	20.8511
839.785	20.7889
839.055	20.84
838.326	20.7644
837.597	20.79
836.867	20.7367
836.138	20.8422
835.41	20.77
834.681	20.6567
833.951	20.8222
833.222	20.7811
832.492	20.81
831.763	20.78
831.033	20.7222
830.303	20.8911
829.573	20.8067
828.842	20.8144
828.112	20.8311
827.382	20.6689
826.652	20.7711
825.922	20.7567
825.192	20.76
824.462	20.82
823.732	20.8533
823	20.8133
822.27	20.8233
821.539	20.7178
820.809	20.82
820.077	20.8344
819.347	20.7989
818.616	20.7233
817.886	21.0633
817.153	20.9889
816.423	21.0011
815.692	20.78
814.96	20.8433
814.229	20.7067
813.498	20.8122
812.766	20.8822
812.035	20.8489
811.302	20.7244
810.571	20.9811
809.839	21.4011
809.108	20.8844
808.375	20.9422
807.644	20.8478
806.911	20.8844
806.18	20.8911
805.446	20.74
804.715	20.7889
803.982	21.0078
803.251	20.8356
802.518	20.8633
801.784	21.0244
801.053	20.9433
800.319	20.8756
799.588	21.05
798.854	21.19
798.121	21.0533
797.388	21.2711
796.656	21.1422
795.922	21.1
795.189	21.0122
794.455	21.4411
793.723	20.8444
792.989	20.9033
792.255	21.0256
791.521	21.8144
790.788	20.9256
790.055	20.8133
789.321	20.7633
788.587	21.01
787.853	20.8722
787.119	20.8056
786.385	20.8556
785.651	20.7022
784.917	20.8578
784.182	20.87
783.448	20.8489
782.713	20.7478
781.979	20.6922
781.245	20.7767
780.51	20.7722
779.775	20.7667
779.041	21.1233
778.306	21.24
777.571	20.8333
776.837	20.8733
776.1	20.7422
775.365	20.7811
774.63	20.8078
773.895	20.6989
773.16	20.7278
772.424	20.5633
771.689	20.7489
770.953	20.7589
770.218	20.6911
769.481	20.7967
768.746	20.72
768.011	20.7589
767.276	20.63
766.538	20.7578
765.803	20.69
765.067	20.6867
764.33	20.8767
763.595	21.2089
762.857	20.7144
762.122	20.7622
761.384	20.7267
760.648	20.7722
759.913	20.8722
759.175	20.7044
758.439	20.8444
757.701	20.7589
756.966	20.9167
756.228	21.0567
755.49	20.9533
754.754	20.9267
754.016	21.2244
753.28	21.3
752.542	21.33
751.804	21.3689
751.067	21.2989
750.329	21.1644
749.593	21.2844
748.854	21.1256
748.116	20.9722
747.378	20.9533
746.641	20.9278
745.903	20.7567
745.164	20.5611
744.426	20.5956
743.689	20.9967
742.951	20.7956
742.212	20.3189
741.473	20.3756
740.735	20.3289
739.996	20.2667
739.259	20.1011
738.52	20.2778
737.781	20.0322
737.042	19.9522
736.303	19.9344
735.564	19.9544
734.825	20.0489
734.086	19.9111
733.347	19.8322
732.607	19.7378
731.868	19.7944
731.129	19.7778
730.389	19.74
729.65	19.9189
728.911	19.8867
728.171	19.7933
727.431	19.6822
726.69	19.6744
725.951	19.6467
725.211	19.5356
724.471	19.8044
723.731	19.6956
722.991	19.9067
722.25	19.5544
721.51	19.8378
720.77	19.7178
720.03	19.9111
719.288	19.6567
718.548	19.6956
717.808	19.6089
717.066	19.6556
716.326	19.5789
715.586	19.3989
714.843	19.4756
714.103	19.5456
713.363	19.4156
712.62	19.4
711.88	19.3522
711.138	19.4156
710.397	19.4589
709.655	19.3678
708.914	19.3056
708.171	19.2322
707.431	19.2489
706.688	19.2678
705.947	19.4156
705.205	19.2444
704.464	19.25
703.721	19.0422
702.98	19.1078
702.237	19.3011
701.494	19.3167
700.753	19.2778
700.01	19.3244
699.267	19.1444
698.525	19.3311
697.782	19.2411
697.039	19.8678
696.298	19.3044
695.554	19.1256
694.811	19.0678
694.068	19.1667
693.326	18.9811
692.583	19.2111
691.839	19.1911
691.096	19.0078
690.352	19.0933
689.608	19.2267
688.866	19.12
688.123	19.0178
687.379	18.9167
686.635	19.0956
685.891	19.1178
685.147	19.0556
684.403	19.1
683.659	19.0522
682.915	18.8989
682.171	19.0022
681.427	19.0122
680.683	18.8789
679.939	18.9189
679.194	19.04
678.45	18.8644
677.706	18.9433
676.961	19.0611
676.215	18.9733
675.47	18.9833
674.726	18.81
673.981	18.8233
673.237	19.0322
672.492	18.9189
671.745	18.72
671.001	18.8911
670.256	18.8978
669.511	18.8656
668.764	18.9
668.019	18.9533
667.274	18.7389
666.529	18.7133
665.782	18.6522
665.037	18.9689
664.292	18.9522
663.545	19.56
662.799	18.7889
662.052	18.8633
661.307	18.6456
660.562	18.8022
659.814	18.8322
659.069	18.8489
658.321	18.64
657.576	18.7767
656.828	18.7667
656.083	18.69
655.335	18.5378
654.589	18.6078
653.842	18.7056
653.096	18.7756
652.348	18.73
651.6	18.7622
650.854	18.6589
650.106	18.66
649.358	18.8156
648.612	18.7644
647.864	18.6678
647.116	18.7011
646.37	18.78
645.622	18.7544
644.874	18.58
644.127	18.6667
643.379	18.7022
642.631	18.6722
641.882	18.5578
641.134	18.7544
640.387	18.7311
639.639	18.6311
638.89	18.8333
638.141	18.8178
637.393	19.4278
636.644	18.7844
635.895	18.66
635.148	18.6389
634.4	18.7378
633.651	18.8556
632.902	18.7267
632.153	18.7478
631.404	18.8167
630.655	18.8211
629.906	18.8167
629.156	18.7133
628.407	18.7867
627.658	18.65
626.909	18.66
626.158	18.6933
625.408	18.7211
624.659	18.6744
623.909	18.6233
623.16	18.6622
622.41	18.7644
621.661	18.6211
620.909	18.7144
620.159	18.8089
619.41	18.6722
618.66	18.8411
617.91	18.6922
617.158	18.7467
616.408	18.7489
615.658	18.7889
614.906	18.7667
614.156	18.8267
613.406	18.7389
612.654	18.6567
611.904	18.6311
611.154	18.77
610.402	18.8333
609.651	18.6944
608.899	18.9811
608.149	18.8989
607.398	18.7756
606.646	18.9711
605.895	18.8878
605.143	18.9489
604.392	19.0622
603.64	19.1644
602.889	19.1478
602.136	19.2522
601.383	19.3422
600.633	19.2267
599.88	19.3511
599.129	19.3789
598.376	19.4233
597.623	19.6478
596.872	19.7889
596.119	19.8989
595.366	19.8911
594.615	19.9067
593.861	20.0133
593.108	20.0944
592.357	20.3089
591.604	20.2967
590.85	20.6111
590.097	20.4933
589.345	20.6067
588.592	20.6933
587.838	20.89
587.085	20.9389
586.331	20.8233
585.577	21.0056
584.824	20.9489
584.072	20.81
583.318	20.8322
582.564	20.6711
581.81	20.8256
581.056	21.2933
580.302	20.8078
579.548	20.7944
578.794	20.7178
578.04	20.7733
577.286	20.6411
576.532	20.33
575.778	19.9867
575.023	19.7789
574.269	19.5522
573.514	19.4244
572.76	19.3367
572.004	19.13
571.249	19
570.495	18.98
569.74	18.9711
568.985	18.9422
568.231	18.8056
567.474	18.6767
566.719	18.5689
565.964	18.6078
565.209	18.7633
564.453	18.6056
563.698	18.8111
562.943	18.51
562.187	18.5944
561.43	18.4856
560.675	18.5133
559.92	18.3322
559.163	18.5389
558.408	18.58
557.65	18.3567
556.895	18.39
556.14	18.3656
555.382	18.5256
554.627	18.3067
553.869	18.2722
553.114	18.26
552.356	18.2956
551.6	18.3456
550.843	18.17
550.087	18.1133
549.329	18.2456
548.573	18.2122
547.815	18.2289
547.059	18.2789
546.301	18.2767
545.543	18.2267
544.787	18.0811
544.029	18.2222
543.271	18.3178
542.515	18.2256
541.757	18.24
540.998	18.1978
540.242	18.19
539.484	18.1022
538.725	18.2589
537.967	18.3
537.21	18.1411
536.452	18.0467
535.693	18.2322
534.935	18.0789
534.176	18.2411
533.419	18.2378
532.66	18.1889
531.901	18.1433
531.143	18.2811
530.384	18.3678
529.625	18.3011
528.866	18.27
528.107	18.2633
527.348	18.2256
526.589	18.17
525.829	18.4644
525.07	18.8944
524.311	18.35
523.552	18.1922
522.792	18.2422
522.033	18.2811
521.273	18.2678
520.514	18.4389
519.754	18.2767
518.995	18.2978
518.235	18.2122
517.475	18.2544
516.714	18.2344
515.954	18.4456
515.194	18.2389
514.434	18.4178
513.674	18.3478
512.913	18.2967
512.153	18.3133
511.393	18.4222
510.632	18.4344
509.871	18.3056
509.11	18.42
508.35	18.3711
507.59	18.3367
506.828	18.5311
506.067	18.5589
505.307	18.5422
504.544	18.6044
503.784	18.5544
503.021	18.5389
502.261	18.65
501.498	19.0178
500.738	18.9678
499.977	19.0344
499.214	19.21
498.453	19.3844
497.691	19.7022
496.93	20.0778
496.167	20.6244
495.406	21.2356
494.643	22.1367
493.88	23.0533
493.119	23.9667
492.355	24.51
491.594	24.3411
490.831	23.7189
490.068	23.1411
489.306	21.9256
488.543	21.14
487.78	20.3511
487.018	19.8922
486.255	19.4856
485.491	19.1811
484.728	18.8944
483.966	18.7978
483.202	18.7578
482.438	18.6867
481.675	18.5333
480.911	18.2344
480.149	18.42
479.385	18.1378
478.621	18.18
477.857	18.1222
477.093	18.1589
476.329	18.1011
475.565	18.0111
474.803	18.0422
474.038	17.9122
473.274	17.7811
472.51	17.68
471.745	17.65
470.981	17.5544
470.217	17.52
469.452	17.5244
468.687	17.5133
467.923	17.3011
467.158	17.4544
466.392	17.3967
465.627	17.2656
464.862	17.3678
464.097	17.1867
463.332	17.6256
462.568	17.2422
461.803	17.2256
461.037	17.2867
460.271	17.3478
459.505	17.2789
458.74	17.3078
457.975	17.1111
457.208	17.2578
456.443	17.1978
455.677	17.3167
454.912	17.1533
454.145	17.2944
453.379	17.3889
452.613	17.4511
451.846	17.7533
451.08	17.61
450.315	17.7933
449.547	17.7433
448.781	17.6456
448.014	17.4911
447.248	17.1622
446.482	17.1989
445.714	17.1422
444.948	17.1322
444.18	16.9467
443.414	16.9767
442.646	16.6944
441.88	16.7622
441.112	16.7933
440.345	16.88
439.577	16.87
438.809	16.7533
438.042	16.7189
437.274	16.8156
436.507	16.6367
435.739	16.8456
434.97	16.7033
434.204	16.7278
433.435	16.6867
432.667	16.94
431.9	16.9211
431.131	16.9733
430.362	16.8156
429.593	16.75
428.826	16.73
428.057	16.5756
427.288	16.7956
426.519	16.5478
425.752	16.5067
424.983	16.5456
424.214	16.6844
423.445	16.6478
422.675	16.7844
421.906	16.9633
421.137	17.4156
420.367	18.3911
419.6	19.0511
418.83	19.55
418.061	19.7422
417.291	18.7333
416.521	17.7944
415.752	17.0722
414.982	16.6744
414.212	16.4778
413.442	16.7333
412.672	16.3244
411.902	16.3489
411.131	16.2556
410.361	16.3367
409.591	16.2789
408.82	16.3211
408.05	16.2111
407.28	16.17
406.51	16.2233
405.739	16.3011
404.967	16.1767
404.197	16.2756
403.426	16.0956
402.656	16.1144
401.885	16.1333
401.113	16.2033
400.342	16.2844
399.571	16.1767
398.799	16.0311
398.028	16.08
397.257	16.1356
396.484	15.9144
395.713	16.1522
394.942	16.1044
394.169	16.0667
393.398	15.9611
392.627	16.0044
391.854	16.0644
391.083	16.0144
390.31	16.0244
389.538	16.0511
388.765	15.8122
387.994	15.9811
387.22	15.9078
386.449	15.9678
385.676	15.8489
384.904	16.0322
384.13	15.9278
383.359	16.0111
382.585	15.8811
381.811	16.1333
381.039	16.1189
380.266	16.3456
379.494	16.0944
378.72	16.1733
377.946	15.9689
377.174	15.8767
376.4	15.8889
375.626	15.7189
374.853	15.6944
374.079	15.86
373.305	15.6644
372.531	15.72
371.757	15.6111
370.984	15.82
370.21	15.7278
369.435	15.6711
368.661	15.7167
367.886	15.5911
367.113	15.5944
366.339	15.6578
365.564	15.5644
364.789	15.5056
364.014	15.5344
363.24	15.4889
362.465	15.5156
361.69	15.5922
360.915	15.3922
360.14	15.4211
359.365	15.4567
358.59	15.2644
357.814	15.4689
357.039	15.4978
356.264	15.3244
355.489	15.4678
354.713	15.4433
353.938	15.3478
353.162	15.1989
352.387	15.21
351.611	15.27
350.834	15.1033
350.058	15.2289
349.282	15.1511
348.507	15.1622
347.731	15.1878
346.955	15.1011
346.177	15.1256
345.401	15.0089
344.625	15.0667
343.849	15.0389
343.071	15.2144
342.295	15.1222
341.519	14.9711
340.741	15.0567
339.964	14.9011
339.188	15.0311
338.41	14.9278
337.633	15.0444
336.857	15.0344
336.078	14.9867
335.302	14.8622
334.523	14.8978
333.747	14.7278
332.968	14.8944
332.191	14.6556
331.412	14.9411
330.636	14.7656
329.857	14.6867
329.08	14.7533
328.301	14.6456
327.524	14.7667
326.745	14.7244
325.968	14.8178
325.189	14.6222
324.411	14.6544
323.632	14.8533
322.853	14.6256
322.075	14.6978
321.296	14.6578
320.517	14.7
319.739	14.4478
318.96	14.5011
318.18	14.5422
317.402	14.5767
316.623	14.51
315.843	14.4722
315.063	14.5078
314.283	14.5989
313.505	14.5322
312.726	14.2878
311.946	14.4622
311.166	14.5022
310.386	14.5378
309.607	14.3233
