1069.45	23.2078
1068.75	23.2078
1068.04	23.2078
1067.33	23.0689
1066.63	23.11
1065.92	23.1667
1065.21	23.6344
1064.51	23.1122
1063.8	23.2278
1063.09	23.09
1062.39	22.9878
1061.68	22.9922
1060.97	22.9722
1060.26	22.9444
1059.55	22.9689
1058.85	22.7933
1058.14	22.9967
1057.43	22.9933
1056.72	22.97
1056.02	22.8322
1055.31	22.9067
1054.6	22.7911
1053.89	22.7567
1053.18	22.7522
1052.48	22.8478
1051.77	22.6822
1051.06	22.7656
1050.35	22.6111
1049.64	22.6367
1048.93	22.6289
1048.22	22.5422
1047.52	22.6267
1046.81	22.4589
1046.1	22.5067
1045.39	22.5567
1044.68	22.2756
1043.97	22.3989
1043.26	22.4833
1042.55	22.3156
1041.84	22.3256
1041.13	22.17
1040.43	22.1911
1039.72	22.2033
1039.01	22.4344
1038.3	22.6367
1037.59	22.1711
1036.88	22.1833
1036.17	22.1256
1035.46	22.12
1034.75	22.0544
1034.04	21.8744
1033.33	21.9411
1032.62	21.9511
1031.91	21.9433
1031.2	21.7978
1030.49	21.8489
1029.78	21.8156
1029.07	21.7967
1028.36	21.83
1027.65	21.8022
1026.93	21.5789
1026.22	21.7678
1025.51	21.7233
1024.8	21.7767
1024.09	22.0556
1023.38	21.9022
1022.67	21.6167
1021.96	21.59
1021.25	21.7289
1020.53	21.7489
1019.82	21.6267
1019.11	21.5933
1018.4	21.6167
1017.69	21.5811
1016.98	21.5133
1016.27	21.5567
1015.55	21.6811
1014.84	21.3611
1014.13	21.4611
1013.42	21.3822
1012.7	21.4722
1011.99	21.5044
1011.28	21.4767
1010.57	21.5111
1009.86	21.5067
1009.14	21.5111
1008.43	21.3456
1007.72	21.46
1007.01	21.45
1006.29	21.5367
1005.58	21.4089
1004.87	21.5344
1004.15	21.5278
1003.44	21.6144
1002.73	21.3656
1002.01	21.6133
1001.3	21.5556
1000.59	21.8078
999.875	21.3556
999.161	21.3856
998.448	21.3867
997.734	21.1644
997.021	21.1889
996.307	21.1833
995.594	21.2056
994.879	21.2467
994.167	21.1667
993.452	21.1544
992.737	21.1233
992.024	21.18
991.309	21.0989
990.595	21.2033
989.881	20.9467
989.167	21.2244
988.452	21.1378
987.738	21.1289
987.023	20.9367
986.308	21.1044
985.593	20.9889
984.88	21.0311
984.164	20.9678
983.449	20.8033
982.734	20.8733
982.019	21.0067
981.303	20.9256
980.588	21.0022
979.874	20.8844
979.159	20.8078
978.443	20.8867
977.727	20.8667
977.012	20.6122
976.296	20.7967
975.58	21
974.865	21.0556
974.149	20.8511
973.433	20.6733
972.717	20.6611
972.001	20.6956
971.285	20.5478
970.569	20.8289
969.851	20.5767
969.135	20.5444
968.419	20.6533
967.703	20.6289
966.986	20.6844
966.27	20.5567
965.552	20.6133
964.836	20.5344
964.119	20.4744
963.403	20.4656
962.685	20.3889
961.968	20.4089
961.251	20.9489
960.535	20.8278
959.816	20.9433
959.1	20.3222
958.383	20.2511
957.664	20.31
956.948	20.1956
956.229	20.3122
955.512	20.1989
954.793	20.2189
954.076	20.3811
953.359	20.4078
952.64	20.2333
951.923	20.3322
951.204	20.1789
950.487	20.1167
949.768	20.2289
949.049	20.1844
948.332	20.2156
947.612	20.1756
946.895	20.3389
946.176	20.0456
945.457	20.0278
944.739	20.0411
944.02	20.0222
943.3	20.0244
942.583	19.9522
941.863	19.9689
941.143	19.9
940.426	20.1211
939.706	19.9456
938.986	19.8111
938.267	19.9956
937.547	19.5667
936.829	19.4989
936.109	19.4322
935.389	19.8111
934.669	19.78
933.949	19.7778
933.229	19.7867
932.509	19.7356
931.789	19.8578
931.071	19.8489
930.35	19.7278
929.63	19.7111
928.91	19.6289
928.19	19.6244
927.469	19.7589
926.749	19.83
926.028	19.8867
925.306	19.9067
924.586	20.1456
923.865	19.7878
923.145	19.8056
922.424	19.58
921.703	19.5356
920.982	19.7067
920.262	19.7156
919.539	19.66
918.818	19.5289
918.097	19.5789
917.376	19.52
916.655	19.6233
915.932	19.5011
915.211	19.4922
914.49	19.49
913.767	19.5867
913.046	19.5922
912.325	19.5867
911.602	19.6367
910.88	19.5644
910.159	19.7167
909.436	19.4111
908.714	19.3822
907.991	19.4867
907.269	19.4378
906.548	19.3489
905.824	19.35
905.103	19.2867
904.379	19.4111
903.657	19.2367
902.934	19.4989
902.21	19.1867
901.488	19.3656
900.765	19.3922
900.043	19.3022
899.319	19.3367
898.597	19.1756
897.873	19.2178
897.149	19.0089
896.427	19.0544
895.703	19.1367
894.979	19.1078
894.254	19.2256
893.532	18.9911
892.808	19.1622
892.084	19.05
891.359	19.0578
890.637	18.9756
889.912	18.9789
889.188	19.0389
888.464	19.0978
887.739	18.8956
887.016	18.9622
886.292	18.9967
885.567	19.0611
884.842	19.5767
884.118	19.2956
883.393	18.9867
882.668	18.93
881.943	18.7489
881.218	18.8133
880.493	19.0056
879.768	18.9633
879.043	18.9311
878.318	18.9322
877.593	18.8789
876.868	18.8544
876.143	18.9022
875.418	18.7789
874.691	18.93
873.965	18.7189
873.24	18.87
872.514	18.8822
871.789	18.7711
871.063	18.8678
870.336	18.9
869.611	18.6811
868.885	18.79
868.159	18.82
867.432	18.6389
866.706	18.9
865.98	18.6767
865.254	18.8878
864.527	18.8167
863.801	18.7456
863.073	18.7467
862.347	18.6622
861.621	18.5833
860.893	18.7756
860.167	18.6522
859.439	18.6322
858.713	18.6767
857.986	18.6722
857.258	18.8222
856.532	18.6411
855.804	18.7011
855.075	18.6322
854.349	18.5867
853.62	18.68
852.894	18.63
852.165	18.7144
851.439	18.5578
850.71	18.4033
849.982	18.5889
849.255	18.6133
848.526	18.5622
847.798	18.53
847.071	18.4278
846.342	18.5878
845.613	18.6111
844.886	18.6289
844.157	18.5511
843.428	18.5011
842.699	18.4611
841.97	18.4456
841.243	18.4389
840.514	18.5611
839.785	18.6022
839.055	18.53
838.326	18.3422
837.597	18.5256
836.867	18.5289
836.138	18.5989
835.41	18.4211
834.681	18.5367
833.951	18.3756
833.222	18.5556
832.492	18.3133
831.763	18.4433
831.033	18.4922
830.303	18.4456
829.573	18.6133
828.842	18.4422
828.112	18.4767
827.382	18.4811
826.652	18.6589
825.922	18.3956
825.192	18.4856
824.462	18.4111
823.732	18.5411
823	18.51
822.27	18.5122
821.539	18.4478
820.809	18.7033
820.077	18.6633
819.347	18.5589
818.616	18.7033
817.886	18.5467
817.153	18.6056
816.423	18.5089
815.692	18.4178
814.96	18.5667
814.229	18.4567
813.498	18.6278
812.766	18.4433
812.035	18.6056
811.302	18.5056
810.571	18.6178
809.839	18.5944
809.108	18.5622
808.375	18.5556
807.644	18.59
806.911	18.6833
806.18	18.7389
805.446	18.5744
804.715	18.6622
803.982	18.7811
803.251	18.4622
802.518	18.5867
801.784	18.7389
801.053	18.6656
800.319	18.7389
799.588	18.7133
798.854	18.68
798.121	18.7956
797.388	18.8933
796.656	18.6522
795.922	18.6022
795.189	18.7744
794.455	18.8056
793.723	18.6678
792.989	18.8089
792.255	18.7633
791.521	18.7444
790.788	18.6567
790.055	18.66
789.321	18.6589
788.587	18.5033
787.853	18.6933
787.119	18.6389
786.385	18.6222
785.651	18.6256
784.917	18.64
784.182	18.6633
783.448	18.6111
782.713	18.6256
781.979	18.61
781.245	18.6222
780.51	18.4422
779.775	18.5511
779.041	18.4267
778.306	18.5644
777.571	18.69
776.837	18.7589
776.1	18.4733
775.365	18.4833
774.63	18.5344
773.895	18.6222
773.16	18.5489
772.424	18.44
771.689	18.5633
770.953	18.5889
770.218	18.6167
769.481	18.5611
768.746	18.7367
768.011	18.6056
767.276	18.4367
766.538	18.5111
765.803	18.3744
765.067	18.54
764.33	18.3633
763.595	18.6844
762.857	18.6422
762.122	18.4956
761.384	18.4589
760.648	18.6244
759.913	18.6033
759.175	18.6367
758.439	18.6044
757.701	18.6311
756.966	18.7944
756.228	18.75
755.49	18.8889
754.754	18.9611
754.016	18.9789
753.28	19.1378
752.542	19.2744
751.804	19.1889
751.067	19.2078
750.329	19.1744
749.593	19.1756
748.854	19.0544
748.116	18.8878
747.378	18.94
746.641	18.6522
745.903	18.7856
745.164	18.4111
744.426	18.4911
743.689	18.55
742.951	18.3667
742.212	18.14
741.473	18.15
740.735	18.0978
739.996	18.0278
739.259	18.2089
738.52	18.4711
737.781	18.1622
737.042	17.8978
736.303	17.9333
735.564	17.8244
734.825	17.8278
734.086	17.6667
733.347	17.8744
732.607	17.7589
731.868	17.6233
731.129	17.6044
730.389	17.6711
729.65	17.4711
728.911	17.5444
728.171	17.4911
727.431	17.6889
726.69	17.53
725.951	17.3644
725.211	17.5133
724.471	17.5178
723.731	17.7356
722.991	17.5344
722.25	17.5144
721.51	17.7644
720.77	17.4589
720.03	17.6044
719.288	17.5133
718.548	17.6511
717.808	17.3889
717.066	17.3478
716.326	17.3311
715.586	17.3711
714.843	17.4733
714.103	17.0267
713.363	17.4056
712.62	17.3011
711.88	17.2233
711.138	17.3011
710.397	17.2911
709.655	17.2844
708.914	17.22
708.171	17.2778
707.431	17.2156
706.688	17.1233
705.947	17.1433
705.205	17.1811
704.464	17.2611
703.721	17.2233
702.98	17.1178
702.237	17.1044
701.494	17.0767
700.753	17.07
700.01	17.1844
699.267	17.0356
698.525	16.9656
697.782	16.91
697.039	17.08
696.298	16.9222
695.554	16.9833
694.811	17.1256
694.068	16.8778
693.326	16.9889
692.583	16.7789
691.839	16.9422
691.096	16.8856
690.352	16.8033
689.608	16.82
688.866	16.9178
688.123	16.98
687.379	16.9689
686.635	17.0844
685.891	16.82
685.147	17.0233
684.403	17.0133
683.659	16.9822
682.915	16.8056
682.171	16.93
681.427	16.9633
680.683	16.7944
679.939	16.8378
679.194	16.8578
678.45	16.6933
677.706	16.8189
676.961	16.8189
676.215	16.8656
675.47	17
674.726	16.9633
673.981	16.7856
673.237	16.7356
672.492	16.7844
671.745	16.8389
671.001	16.7689
670.256	16.82
669.511	16.7456
668.764	16.7822
668.019	16.8289
667.274	16.7789
666.529	16.7367
665.782	16.3967
665.037	16.7222
664.292	16.6678
663.545	16.6011
662.799	16.9244
662.052	16.6467
661.307	16.7211
660.562	16.9322
659.814	16.6244
659.069	16.5311
658.321	16.6567
657.576	16.6744
656.828	16.6089
656.083	16.5756
655.335	16.6678
654.589	16.6633
653.842	16.5933
653.096	16.5878
652.348	16.4522
651.6	16.5622
650.854	16.5922
650.106	16.5656
649.358	16.7611
648.612	16.8289
647.864	16.6089
647.116	16.6156
646.37	16.77
645.622	16.6144
644.874	16.79
644.127	16.7144
643.379	16.6089
642.631	16.6978
641.882	16.7056
641.134	16.7778
640.387	16.71
639.639	16.6
638.89	16.8356
638.141	16.7567
637.393	16.7633
636.644	16.5422
635.895	16.7056
635.148	16.7089
634.4	16.6667
633.651	16.8233
632.902	16.7089
632.153	16.7156
631.404	16.8511
630.655	16.6311
629.906	16.7
629.156	16.8544
628.407	17.1756
627.658	16.7289
626.909	16.7111
626.158	16.5133
625.408	16.8367
624.659	16.88
623.909	16.6833
623.16	16.5722
622.41	16.6033
621.661	16.74
620.909	16.7011
620.159	16.8522
619.41	16.6678
618.66	16.6967
617.91	16.6433
617.158	16.6544
616.408	16.6378
615.658	16.7267
614.906	16.7289
614.156	16.63
613.406	16.8133
612.654	16.6422
611.904	16.7889
611.154	16.6922
610.402	16.7478
609.651	16.8267
608.899	16.7811
608.149	16.8867
607.398	16.7289
606.646	17.0122
605.895	16.9833
605.143	16.8667
604.392	17.0578
603.64	17.04
602.889	17.2178
602.136	17.2322
601.383	17.3411
600.633	17.35
599.88	17.4578
599.129	17.3122
598.376	17.61
597.623	17.5433
596.872	17.8578
596.119	17.7633
595.366	17.89
594.615	17.9378
593.861	18.1544
593.108	18.1178
592.357	18.3178
591.604	18.5122
590.85	18.4311
590.097	18.6489
589.345	18.5622
588.592	18.6578
587.838	18.9444
587.085	18.8478
586.331	19.0433
585.577	18.8478
584.824	18.8678
584.072	18.8967
583.318	18.8278
582.564	18.8844
581.81	18.6922
581.056	18.6511
580.302	19.3333
579.548	18.78
578.794	18.9022
578.04	18.7433
577.286	18.6189
576.532	18.4211
575.778	18.2556
575.023	18.3333
574.269	17.76
573.514	17.4111
572.76	17.2356
572.004	17.2933
571.249	17.1167
570.495	17.1967
569.74	16.9044
568.985	16.9333
568.231	16.8644
567.474	16.7533
566.719	16.8189
565.964	16.7
565.209	17.1089
564.453	16.8144
563.698	16.6767
562.943	16.5367
562.187	16.4733
561.43	16.5456
560.675	16.4711
559.92	16.4778
559.163	16.3567
558.408	16.4322
557.65	16.4422
556.895	16.4644
556.14	16.2744
555.382	16.3356
554.627	16.3333
553.869	16.2456
553.114	16.3344
552.356	16.2444
551.6	16.35
550.843	16.3978
550.087	16.3056
549.329	16.3122
548.573	16.2344
547.815	16.23
547.059	16.1889
546.301	16.3011
545.543	16.25
544.787	16.3411
544.029	16.2733
543.271	16.2389
542.515	16.2067
541.757	16.2089
540.998	16.2833
540.242	16.0867
539.484	16.2556
538.725	16.42
537.967	16.2267
537.21	16.3322
536.452	16.3389
535.693	16.2744
534.935	16.2867
534.176	16.38
533.419	16.2656
532.66	16.3
531.901	16.2089
531.143	16.2389
530.384	16.3878
529.625	16.3822
528.866	16.4478
528.107	16.4078
527.348	16.2833
526.589	16.4478
525.829	16.3233
525.07	16.4456
524.311	16.38
523.552	16.3456
522.792	16.4944
522.033	16.3444
521.273	16.5144
520.514	16.3156
519.754	16.4356
518.995	16.4022
518.235	16.3667
517.475	16.2656
516.714	16.3233
515.954	16.4556
515.194	16.4344
514.434	16.5444
513.674	16.4978
512.913	16.4978
512.153	16.5022
511.393	16.6078
510.632	16.5622
509.871	16.4922
509.11	16.6022
508.35	16.5889
507.59	16.6389
506.828	16.57
506.067	16.75
505.307	16.7344
504.544	16.6944
503.784	16.7389
503.021	16.76
502.261	16.9578
501.498	16.9478
500.738	17.0122
499.977	17.2067
499.214	17.4689
498.453	17.6022
497.691	17.7733
496.93	18.3878
496.167	18.8467
495.406	19.3178
494.643	20.3433
493.88	21.3589
493.119	22.1544
492.355	22.5278
491.594	22.5644
490.831	22.0311
490.068	20.97
489.306	20.0233
488.543	19.2333
487.78	18.8056
487.018	18.4022
486.255	17.6867
485.491	17.4556
484.728	17.1
483.966	16.9767
483.202	16.8722
482.438	16.7033
481.675	16.4811
480.911	16.5611
480.149	16.4878
479.385	16.4911
478.621	16.3511
477.857	16.3944
477.093	16.3911
476.329	16.2011
475.565	16.3111
474.803	16.19
474.038	16.01
473.274	15.9778
472.51	16.02
471.745	15.9489
470.981	15.8811
470.217	15.6478
469.452	15.5833
468.687	15.6922
467.923	15.6011
467.158	15.5022
466.392	15.4978
465.627	15.5322
464.862	15.6422
464.097	15.4244
463.332	15.3956
462.568	15.2467
461.803	15.3867
461.037	15.5144
460.271	15.4267
459.505	15.4211
458.74	15.3233
457.975	15.3756
457.208	15.47
456.443	15.3967
455.677	15.3033
454.912	15.5011
454.145	15.5744
453.379	15.4889
452.613	15.5933
451.846	15.8233
451.08	15.9589
450.315	15.9978
449.547	15.9544
448.781	15.86
448.014	15.6989
447.248	15.54
446.482	15.4133
445.714	15.4433
444.948	15.2133
444.18	15.2722
443.414	15.1222
442.646	15.1256
441.88	15.12
441.112	15.0889
440.345	15.0122
439.577	14.9467
438.809	14.9656
438.042	14.8233
437.274	14.7211
436.507	15.07
435.739	14.9478
434.97	14.92
434.204	14.93
433.435	15.26
432.667	15.0944
431.9	15.1111
431.131	15.1689
430.362	15.1022
429.593	15.0444
428.826	15.07
428.057	14.9933
427.288	14.9522
426.519	14.8056
425.752	14.9
424.983	14.9356
424.214	14.8333
423.445	14.89
422.675	14.99
421.906	15.3078
421.137	15.8033
420.367	16.83
419.6	17.6167
418.83	18.1511
418.061	17.9267
417.291	17.0833
416.521	16.13
415.752	15.4067
414.982	14.8467
414.212	14.8378
413.442	14.6867
412.672	14.6133
411.902	14.6078
411.131	14.6856
410.361	14.56
409.591	14.5544
408.82	14.5433
408.05	14.5033
407.28	14.5122
406.51	14.4189
405.739	14.6711
404.967	14.53
404.197	14.5911
403.426	14.5044
402.656	14.5511
401.885	14.3722
401.113	14.5144
400.342	14.5233
399.571	14.44
398.799	14.5322
398.028	14.4422
397.257	14.4111
396.484	14.3589
395.713	14.48
394.942	14.3756
394.169	14.2067
393.398	14.3578
392.627	14.3111
391.854	14.4333
391.083	14.2644
390.31	14.4733
389.538	14.3033
388.765	14.3922
387.994	14.3756
387.22	14.3833
386.449	14.3333
385.676	14.2756
384.904	14.4044
384.13	14.3133
383.359	14.2678
382.585	14.3378
381.811	14.4244
381.039	14.5444
380.266	14.6856
379.494	14.5778
378.72	14.4478
377.946	14.3456
377.174	14.14
376.4	14.3511
375.626	14.2322
374.853	14.1456
374.079	14.1078
373.305	14.3144
372.531	14.1067
371.757	14.0889
370.984	14.0022
370.21	14.1467
369.435	14.4722
368.661	14.0044
367.886	14.0744
367.113	14.0378
366.339	14.1922
365.564	13.92
364.789	14.0922
364.014	13.95
363.24	13.8067
362.465	13.8178
361.69	14.0289
360.915	13.8922
360.14	13.7833
359.365	13.9989
358.59	13.77
357.814	13.9344
357.039	13.73
356.264	13.8333
355.489	13.7333
354.713	13.6722
353.938	13.6778
353.162	13.7533
352.387	13.8711
351.611	13.7111
350.834	13.7367
350.058	13.6322
349.282	13.6611
348.507	13.5444
347.731	13.5422
346.955	13.6544
346.177	13.6222
345.401	13.8667
344.625	13.5856
343.849	13.6044
343.071	13.54
342.295	13.4556
341.519	13.6256
340.741	13.4967
339.964	13.5022
339.188	13.3778
338.41	13.3756
337.633	13.3267
336.857	13.4278
336.078	13.5244
335.302	13.5222
334.523	13.4489
333.747	13.4389
332.968	13.4656
332.191	13.3478
331.412	13.3244
330.636	13.2978
329.857	13.38
329.08	13.1989
328.301	13.1533
327.524	13.1867
326.745	13.1878
325.968	13.2233
325.189	13.2356
324.411	13.1756
323.632	13.2178
322.853	13.1522
322.075	13.0867
321.296	13.1844
320.517	12.9067
319.739	12.9978
318.96	13.09
318.18	13.0589
317.402	13.1056
316.623	13.1744
315.843	12.9967
315.063	13.1278
314.283	13.0144
313.505	12.9511
312.726	12.8311
311.946	12.9889
311.166	13.0211
310.386	12.8856
309.607	12.7989
