1276.4928	138.78108
1274.8936	137.06898
1273.2921	136.70587
1271.6903	136.81795
1270.0902	136.86555
1268.4878	136.88048
1266.8871	137.2177
1265.2842	137.31488
1263.6809	137.20988
1262.0793	136.96251
1260.4755	136.58678
1258.8733	136.50461
1257.2689	136.55745
1255.6642	136.83279
1254.061	137.33173
1252.4558	137.55345
1250.8502	137.78557
1249.2462	138.04965
1247.6401	138.64677
1246.0337	138.8177
1244.4269	139.0074
1242.8218	139.07932
1241.2145	139.41675
1239.6068	139.6328
1237.9989	139.74661
1236.3926	139.82558
1234.7841	139.7784
1233.1753	139.5258
1231.5662	138.87292
1229.9568	138.56158
1228.349	138.53015
1226.739	138.56335
1225.1287	138.12906
1223.5181	138.16701
1221.9072	138.27551
1220.296	138.70732
1218.6865	139.53084
1217.0747	140.07434
1215.4626	140.46053
1213.8503	140.89757
1212.2377	140.98438
1210.6248	140.91
1209.0115	140.75639
1207.3979	140.45718
1205.7842	140.00371
1204.17	140.07956
1202.5557	140.18343
1200.9427	140.40768
1199.3278	141.10432
1197.7125	141.78452
1196.0969	142.77235
1194.481	144.24118
1192.8647	144.97903
1191.2483	145.7149
1189.6315	146.6236
1188.0144	147.29012
1186.3951	147.72369
1184.7775	147.97888
1183.1594	148.65924
1181.5411	149.0786
1179.9226	149.0547
1178.3037	148.974
1176.6846	148.72435
1175.0651	148.82445
1173.4453	149.04422
1171.8252	149.15164
1170.2048	149.33902
1168.5823	149.74803
1166.9614	150.21004
1165.3401	150.66785
1163.7185	151.18884
1162.0967	151.62126
1160.4745	152.48128
1158.8502	153.638
1157.2274	154.93428
1155.6044	155.92592
1153.9811	157.04012
1152.3574	158.48517
1150.7316	159.61644
1149.1073	160.3047
1147.4828	160.64326
1145.8579	161.09755
1144.2308	161.49255
1142.6055	161.49533
1140.9797	161.60869
1139.3536	161.43027
1137.7255	161.4919
1136.0988	161.95206
1134.4718	162.76567
1132.8427	163.51511
1131.2151	164.30472
1129.5873	165.005
1127.9573	165.86331
1126.3289	166.79176
1124.6981	167.86069
1123.0691	169.09428
1121.4398	169.62714
1119.8082	169.93132
1118.1783	169.67006
1116.5461	169.4267
1114.9155	169.6106
1113.2848	169.34691
1111.6517	168.37685
1110.0203	167.47089
1108.3866	167.21019
1106.7545	167.33116
1105.1202	167.65935
1103.4875	168.61281
1101.8528	169.50513
1100.2195	170.47922
1098.584	170.90601
1096.9502	171.49924
1095.3141	172.29271
1093.6796	173.2925
1092.043	174.6404
1090.4078	175.82214
1088.7705	176.97646
1087.1349	177.4897
1085.4969	178.73387
1083.8588	179.87094
1082.2222	180.89008
1080.5834	181.94478
1078.9463	182.76566
1077.3069	183.51746
1075.6671	184.38487
1074.0291	185.47447
1072.3887	185.88202
1070.748	186.61497
1069.1091	187.12958
1067.4679	187.88187
1065.8263	188.46347
1064.1864	189.33864
1062.5443	190.27863
1060.9019	191.05608
1059.259	192.47786
1057.6179	193.60672
1055.9746	194.22285
1054.3309	195.71808
1052.6888	196.96117
1051.0446	198.59863
1049.4	199.69246
1047.7551	200.45285
1046.11	201.13144
1044.4664	202.79901
1042.8206	205.35892
1041.1744	208.93343
1039.5281	212.75064
1037.8813	217.21368
1036.2363	224.41525
1034.589	231.51009
1032.9413	241.90805
1031.2933	254.24654
1029.6451	267.99216
1027.9966	283.26624
1026.3478	299.95908
1024.6986	316.54495
1023.0511	334.29266
1021.4013	351.05246
1019.7512	369.32019
1018.1008	386.33673
1016.4501	404.06516
1014.7991	420.45383
1013.1478	437.5416
1011.4962	450.70728
1009.8443	465.27832
1008.1921	481.01297
1006.5396	497.35703
1004.8867	515.3584
1003.2336	532.37042
1001.5801	552.33411
999.92639	577.35181
998.27228	604.81805
996.61792	643.07452
994.96326	683.40045
993.30829	728.14258
991.65295	784.45789
989.99738	848.66595
988.34143	956.00806
986.68329	1065.7834
985.02673	1179.8159
983.36993	1293.825
981.71277	1378.5195
980.0553	1413.2067
978.39752	1431.7572
976.7395	1444.5264
975.08112	1445.0619
973.42047	1446.522
971.76147	1456.3428
970.10217	1452.5562
968.44257	1445.8022
966.78259	1436.9357
965.12042	1425.9612
963.4599	1427.6949
961.79907	1421.4191
960.13788	1416.166
958.47638	1409.9226
956.81268	1403.092
955.15057	1397.7889
953.48816	1391.3495
951.8255	1387.6798
950.16052	1383.3855
948.49719	1383.4543
946.83356	1387.8969
945.1676	1392.9404
943.50336	1401.3893
941.83881	1412.0784
940.17194	1419.5576
938.50677	1423.405
936.84125	1408.2065
935.17352	1286.2031
933.50739	1153.7961
931.84094	1028.4403
930.17224	916.74591
928.50519	810.65796
926.83582	724.07184
925.16815	637.59985
923.50018	557.28058
921.8299	506.45813
920.16125	468.55426
918.49042	440.56866
916.82117	415.74728
915.14966	402.7373
913.4798	394.92114
911.80963	391.13211
910.13715	391.27768
908.46637	392.53668
906.79327	388.49728
905.12189	389.29233
903.44818	389.14902
901.77612	389.25833
900.10181	390.36807
898.42712	389.121
896.75415	389.87759
895.07892	388.87088
893.40527	388.91144
891.72937	387.20563
890.05511	385.49097
888.3786	385.12216
886.70178	384.72226
885.02661	384.37802
883.34912	384.18277
881.67334	383.37848
879.99524	381.69589
878.31683	380.43634
876.64008	378.90726
874.96106	377.73138
873.28174	376.37872
871.604	375.29141
869.92407	374.47882
868.24377	374.08542
866.56512	373.65164
864.88422	373.13129
863.20294	372.54294
861.52338	371.85428
859.84149	371.16098
858.1593	370.1926
856.47681	369.81665
854.79596	369.7821
853.11285	370.06497
851.42944	371.237
849.74567	372.34302
848.06354	373.10913
846.37915	374.43207
844.69446	375.24384
843.0094	375.77905
841.3241	376.6929
839.63843	377.93631
837.95441	379.25995
836.26813	379.7485
834.58154	380.67764
832.89459	381.52289
831.2074	384.17584
829.51984	387.9256
827.83191	392.16611
826.14569	397.26834
824.45721	402.4487
822.76837	408.64142
821.07922	412.81842
819.38977	418.47379
817.70001	422.16797
816.00989	423.71848
814.31952	421.29312
812.62878	420.03867
810.93768	418.09912
809.24634	414.99054
807.55469	408.59851
805.86267	403.37747
804.17035	397.77393
802.47766	391.48389
800.78473	384.57086
799.09143	378.34195
797.39783	373.10748
795.70392	368.43179
794.0097	364.625
792.31512	361.21704
790.6203	359.37302
788.92511	357.17181
787.22955	355.10727
785.53375	353.0303
783.83759	351.86182
782.13916	351.18713
780.44232	350.46201
778.74524	349.80835
777.04779	348.84906
775.35004	347.97864
773.65198	347.98758
771.95361	347.78122
770.25488	347.22482
768.55389	347.10956
766.85449	347.28394
765.15485	347.78033
763.45483	348.26523
761.75452	347.90237
760.05194	346.89798
758.35095	346.33923
756.64972	345.63641
754.94812	345.31784
753.2442	345.39111
751.54193	345.27783
749.83942	345.10599
748.13654	344.81152
746.43134	345.00888
744.72778	345.64655
743.02393	346.23352
741.31976	347.37994
739.61328	348.16867
737.90851	348.90298
736.20337	350.46088
734.49591	352.27386
732.7901	353.79547
731.08405	355.76022
729.37561	357.58389
727.66888	359.51758
725.95978	361.83218
724.25238	363.34326
722.54468	364.80545
720.83466	365.9201
719.12628	366.30182
717.4176	365.97916
715.7066	365.07251
713.99725	365.2243
712.28564	365.70474
710.57562	366.12405
708.86334	367.24207
707.15271	369.25183
705.43976	371.79446
703.72852	375.59695
702.01489	380.51672
700.30298	386.05273
698.58875	391.78845
696.87616	398.42838
695.16125	405.53946
693.44806	412.74356
691.73248	420.78296
690.01862	427.92432
688.30243	436.12341
686.58795	444.74936
684.87109	452.25137
683.15588	459.35983
681.43842	465.86551
679.72058	472.88797
678.00446	479.08978
676.28595	484.50891
674.56915	489.65933
672.85004	494.17426
671.13062	499.83179
669.41284	504.92398
667.69275	509.85342
665.97229	514.7666
664.25354	518.98584
662.53247	522.23798
660.81104	524.05133
659.09131	525.35999
657.36926	526.76935
655.64685	528.11566
653.92615	530.08966
652.20313	531.13293
650.47974	532.42877
648.75806	535.02484
647.034	537.71289
645.30969	540.6543
643.58496	543.75055
641.862	547.64581
640.13666	552.70282
638.41101	558.81213
636.685	565.98901
634.95868	573.34381
633.23401	579.8656
631.50708	588.99017
629.77972	597.31744
628.05212	607.78693
626.32416	620.48413
624.59583	633.51843
622.86926	647.32428
621.14032	663.78473
619.41101	675.81573
617.6814	692.73462
615.95148	699.32782
614.22119	701.47504
612.4906	700.00488
610.7597	695.86963
609.03046	681.3277
607.29883	671.19818
605.56696	663.47913
603.83472	657.71063
602.10211	662.69849
600.3692	662.5708
598.63599	661.1391
596.9024	663.25958
595.16852	666.64478
593.43427	672.02313
591.69971	678.36633
589.96484	685.39923
588.22961	693.98328
586.49408	704.16187
584.75818	716.90015
583.02197	729.25488
581.28546	745.60815
579.54858	763.01056
577.81134	783.01331
576.07379	803.75189
574.33594	823.58789
572.59778	848.3255
570.85718	873.63934
569.11835	903.4353
567.37915	937.66089
565.63959	977.09442
563.89972	1015.8658
562.15955	1062.7429
560.41901	1109.8114
558.67816	1167.0256
556.93695	1226.8398
555.19342	1296.0179
553.4516	1373.4806
551.70941	1460.9974
549.96686	1560.1584
548.224	1678.3558
546.47882	1799.4202
544.73529	1943.5542
542.99139	2108.9209
541.24725	2296.6162
539.50269	2533.8586
537.7558	2806.0498
536.01062	3190.8503
534.26514	3635.2903
532.51929	4232.6099
530.77106	4974.4341
529.02454	5998.1226
527.27765	7449
525.53046	9910
523.78088	13727
522.03302	20588
520.28485	32631
518.53424	49050.586
516.7854	54291
515.03619	40334.586
513.28461	24025
511.53476	14097
509.78455	8703
508.03198	5791.5869
506.2811	3952.7844
504.52988	2936.2839
502.77631	2191.3296
501.02441	1714.3488
499.27014	1382.9806
497.51761	1150.4994
495.76471	963.30499
494.00943	831.49847
492.25589	742.26025
490.49994	668.58533
488.7457	605.3562
486.98907	549.08032
485.23416	507.95291
483.47687	470.05945
481.72128	432.46307
479.96332	407.71573
478.20706	388.64136
476.44843	372.82443
474.6915	360.2916
472.93219	348.94836
471.17459	338.57278
469.41458	332.29788
467.65631	324.33972
465.89563	316.32059
464.13669	304.616
462.37534	292.23419
460.61572	283.17871
458.8537	269.63574
457.09134	268.69556
455.33069	272.03943
453.56766	279.9299
451.80634	292.93704
450.0426	310.67465
448.27856	324.98346
446.5162	340.19897
444.7515	357.1969
442.98642	370.9783
441.22305	385.16266
439.45731	401.14291
437.69327	416.19342
435.92685	429.15121
434.16006	440.64667
432.39294	448.73792
430.62756	453.17429
428.85977	457.07648
427.09164	459.81943
425.32523	461.13138
423.55643	461.9613
421.78726	458.83655
420.01776	458.53787
418.25	458.41812
416.47983	457.8562
414.70929	459.93954
412.93845	462.5882
411.16931	464.0788
409.39777	465.15759
407.62589	467.17566
405.85367	469.40216
404.08112	472.27951
402.31027	475.47931
400.53702	479.4744
398.76343	483.78854
396.9895	489.13519
395.21521	494.85095
393.44061	501.60669
391.66565	507.95688
389.8924	515.06897
388.11676	522.74463
386.34079	530.84772
384.56445	538.84863
382.78778	546.70551
381.01077	555.12073
379.2334	562.27069
377.45569	568.83051
375.67764	575.06464
373.89926	581.28345
372.12054	587.66461
370.34354	594.39783
368.56412	599.95459
366.78436	604.88818
365.00424	609.19806
363.22379	612.47241
361.44299	616.37067
359.66187	620.49774
357.88037	629.22424
356.09854	635.15106
354.31638	640.63715
352.53387	646.32458
350.75101	652.5249
348.96573	658.46863
347.18216	664.00092
345.39828	670.21881
343.61404	676.02808
341.82944	682.94702
340.04453	689.54596
338.25925	696.93915
336.4736	704.36707
334.68765	710.68652
332.90134	718.25397
331.11469	725.82544
329.32767	733.03705
327.53824	741.90973
325.75055	750.87457
323.96249	762.02057
322.1741	773.69043
320.38538	785.40845
318.59628	801.69843
316.80478	817.71796
315.01498	841.04822
313.22488	862.87823
311.43439	893.14355
309.64359	924.11383
307.85034	962.57294
306.05881	1000.9102
304.26697	1044.7743
302.47476	1093.6337
300.68011	1139.5474
298.88721	1175.6182
297.09396	1130.6855
295.30035	1081.7063
293.50433	1015.8143
291.71002	986.99292
289.91537	960.4278
288.12039	937.28082
286.32297	914.83362
284.52728	897.71204
282.73123	880.92047
280.93277	867.10938
279.13605	855.55731
277.33896	846.97443
275.53943	839.48175
273.74164	831.26483
271.94351	825.23096
270.14294	819.77936
268.34412	815.59479
266.54285	812.54413
264.74332	810.62054
262.94342	809.12268
261.14111	807.96954
259.34052	806.53247
257.53751	804.36133
255.73622	802.55347
253.9346	801.50098
252.13052	801.01575
250.32819	801.5777
248.52341	799.32684
246.72038	801.74493
244.9149	802.87769
243.11116	804.45392
241.30498	806.32245
239.50055	809.23169
237.69365	810.7049
235.88852	811.21741
234.08093	810.18585
232.27509	809.36865
230.4668	806.45758
228.66025	805.66986
226.85124	798.38416
225.04399	786.41779
223.2343	770.39124
221.42424	748.32062
219.61592	729.95148
217.80516	711.66876
215.99615	696.97894
214.18469	684.75421
212.37497	674.01978
210.56279	667.30676
208.75026	669.43488
206.93948	668.88153
205.12625	669.98541
203.31267	671.77802
201.50082	673.88397
199.68654	677.43243
197.87189	682.45856
196.05899	687.75433
194.24362	693.92346
192.42792	700.97546
190.61395	707.48413
188.79753	712.46985
186.98076	717.88837
185.16574	723.00378
183.34825	728.51843
181.53041	733.21558
179.7122	737.34857
177.89577	741.37573
176.07686	744.9223
174.2576	747.43274
172.43797	749.75769
170.62012	752.70233
168.79979	757.12177
166.97911	761.87817
165.15807	768.14331
163.33878	775.80597
161.51703	784.62128
159.69492	794.34088
157.87245	805.74475
156.04962	818.09271
154.22644	830.88184
152.40503	845.49426
150.58113	860.84106
148.75688	875.93878
146.93228	891.46606
145.10732	907.35339
143.282	923.65698
141.45631	940.40363
139.6324	957.01495
137.806	971.78839
135.97925	985.62982
134.15215	999.54083
132.32468	1012.2488
130.49686	1024.7687
128.66867	1035.2701
126.84013	1049.8635
125.01122	1062.4999
123.18197	1079.3667
121.35235	1095.5719
119.52238	1113.4988
117.69204	1125.7032
115.86135	1151.5272
114.0303	1183.2711
112.19888	1214.5023
110.36711	1245.9805
108.53498	1280.553
106.70249	1313.308
104.86964	1345.5322
103.03644	1375.2015
101.20287	1397.5637
99.368942	1418.4136
97.534653	1432.4941
95.700005	1438.4392
93.864998	1423.9629
92.029633	1417.0302
90.193901	1380.1501
88.357811	1345.9052
86.521362	1294.8779
84.684555	1246.0995
82.845245	1184.4399
81.007713	1103.6793
79.169823	1001.5059
77.331566	838.06708
75.49295	653.81561
73.653976	496.84839
71.814636	383.3981
69.972794	268.51419
68.132736	171.39432
66.292313	85.83242
64.451523	31.114594
62.610378	17.093866
60.768867	14.89007
58.924854	12.344168
57.082623	10.827004
55.240025	10.477461
53.397064	10.334081
51.551601	10.281459
49.707916	10.280521
47.863869	10.306336
46.019459	10.365664
44.172539	10.315928
42.3274	10.311528
40.481903	10.213271
38.63604	10.147708
36.787663	10.026553
34.941074	9.9233036
33.09412	9.7908564
31.244652	9.6645947
29.396969	9.5243044
27.548923	9.3860245
25.700512	9.235569
23.849586	9.1174955
22.000448	8.8413925
20.148792	8.7283201
18.298923	8.3954954
16.44869	8.3375626
14.59594	8.0592623
12.744976	8.1144657
10.893648	8.0638943
9.0398006	8.5002489
7.1877418	8.8525591
5.3331628	9.9200401
3.4803727	11.392291
1.6272169	20.942631
-0.22845985	219
-2.0823474	1185
-3.9387569	237
-5.7933764	33.586914
-7.6505194	13.624782
-9.5058718	11.427756
-11.36159	9.7641983
-13.219833	7.6406188
-15.076285	7.6088753
-16.935263	7.6686115
-18.792448	7.7276678
-20.652161	7.7867193
-22.51008	7.8225465
-24.370527	7.8623514
-26.229181	7.8849821
-28.090364	7.9144897
-29.951916	7.9437566
-31.811672	7.9716659
-33.673962	8.0065413
-35.534454	8.0329447
-37.397476	8.056572
-39.258705	8.076582
-41.122467	8.0849981
-42.984432	8.098527
-44.84893	8.1021738
-46.713799	8.1129379
-48.57687	8.1183586
-50.442478	8.1302395
-52.306286	8.1399364
-54.17263	8.1540585
-56.039345	8.171627
-57.904263	8.1912498
-59.771717	8.2205734
-61.639542	8.2454185
-63.505566	8.2820158
-65.37413	8.308526
-67.243065	8.3458643
-69.110199	8.3694439
-70.979874	8.3984385
-72.849922	8.4149981
-74.718163	8.4303007
-76.588951	8.4376163
-78.460106	8.4404173
-80.331635	8.439765
-82.201363	8.4337044
-84.073639	8.425992
-85.946281	8.4131107
-87.817116	8.3988829
-89.690506	8.3790979
-91.564262	8.354578
-93.438393	8.3246384
-95.312897	8.2896204
-97.185593	8.2502527
-99.060837	8.2062368
-100.93645	8.1571856
-102.81245	8.1043139
-104.68881	8.0444536
-106.56336	7.9671597
-108.44048	7.8960176
-110.31796	7.8247137
-112.19581	7.7559576
-114.07404	7.6919785
-115.95045	7.6349082
-117.82943	7.5860376
-119.70878	7.5462012
-121.58849	7.5158477
-123.46859	7.4949169
-125.34906	7.4826112
-127.2299	7.478096
-129.11111	7.4801474
-130.99271	7.4874587
-132.87248	7.4984522
-134.75482	7.5109606
-136.63754	7.5233335
-138.52063	7.534523
-140.40408	7.5445814
-142.28792	7.5560808
-144.17213	7.5690088
-146.05672	7.5844817
-147.94168	7.6029487
-149.82703	7.6241064
-151.71274	7.6480842
-153.59883	7.6739497
-155.48529	7.7000823
-157.37213	7.7242036
-159.25934	7.7449846
-161.14694	7.7612453
-163.0349	7.7717996
-164.92325	7.7754707
-166.81197	7.7749443
-168.70107	7.7641315
-170.59053	7.7552872
-172.48039	7.7171822
-174.37061	7.675209
-176.26122	7.6317067
-178.15219	7.6078048
-180.04355	7.5904803
-181.93529	7.5868421
-183.82739	7.5846405
-185.72209	7.5914044
-187.61496	7.6058326
-189.50819	7.6265893
-191.40182	7.6513
-193.29582	7.6777482
-195.1902	7.7049737
-197.08496	7.7314372
-198.98009	7.7560897
-200.87781	7.7777987
-202.7737	7.7957692
-204.66997	7.809967
-206.56662	7.8205872
-208.46364	7.8276091
-210.36105	7.8314381
-212.26103	7.8324838
-214.15919	7.8316164
-216.05774	7.8293056
-217.95667	7.8264728
-219.85597	7.8231778
-221.75786	7.819273
-223.65793	7.814198
-225.55836	7.8067088
-227.45918	7.7959261
-229.36259	7.7810073
-231.26418	7.7617102
-233.16615	7.7378545
-235.0685	7.7098317
-236.97342	7.6781535
-238.87653	7.643868
-240.78001	7.6087894
-242.6861	7.568068
-244.59035	7.5402212
-246.49496	7.5153518
-248.39998	7.5026374
-250.30759	7.4824929
-252.21336	7.4755998
-254.11951	7.4700861
-256.02826	7.471879
-257.93518	7.4735584
-259.84247	7.4804306
-261.75238	7.4818177
-263.66043	7.4902496
-265.57111	7.4861436
-267.47995	7.4967513
-269.38916	7.4915066
-271.30096	7.5079536
-273.21094	7.5084224
-275.1235	7.5339584
-277.03427	7.5473123
-278.9454	7.5834594
-280.85913	7.613627
-282.77103	7.6598582
-284.68552	7.7069116
-286.59818	7.7592592
-288.51343	7.8113322
-290.42688	7.8617067
-292.3429	7.9092565
-294.25711	7.9535222
-296.17169	7.9929638
-298.08887	8.0265427
-300.00421	8.0530577
-301.92218	8.1477594
-303.83829	8.1205835
-305.75702	8.0865221
-307.67392	8.0457649
-309.59341	7.9988303
-311.51331	7.9517741
-313.43134	7.8943214
-315.35199	7.8452959
-317.27081	7.7850046
-319.19226	7.7365565
-321.11185	7.6788263
-323.03403	7.6383276
-324.95441	7.6569023
-326.87738	7.6658564
-328.80075	7.6783972
-330.72226	7.7101755
-332.64639	7.7974033
-334.5687	7.8113632
-336.49359	7.8115802
-338.41888	7.8162003
-340.34235	7.8112922
-342.2684	7.799418
-344.19263	7.7845263
-346.11948	7.7536273
-348.04672	7.7248578
-349.97211	7.6749225
-351.90012	7.6380315
-353.82852	7.580174
-355.75507	7.5337696
-357.68427	7.4576449
-359.61383	7.4274988
-361.54376	7.3539944
-363.47186	7.2396684
-365.40262	7.1946397
-367.33374	7.1701994
-369.263	7.1468515
-371.19492	7.1362395
-373.1272	7.1360698
-375.05988	7.1385202
-376.99069	7.1552267
-378.92416	7.1669607
-380.858	7.1909738
-382.79224	7.2185283
-384.72464	7.2492561
-386.65964	7.2830625
-388.59506	7.3973727
-390.53085	7.4365935
-392.46704	7.4878178
-394.4014	7.5362844
-396.33835	7.5803967
-398.27573	7.6192465
-400.21347	7.6554446
-402.15164	7.689096
-404.08792	7.7183957
-406.02686	7.7467904
-407.96616	7.7687311
-409.90588	7.7889671
-411.84598	7.7983756
-413.78647	7.7989273
-415.72736	7.7907367
-417.66641	7.774508
-419.60806	7.751246
-421.55014	7.7229338
-423.49258	7.6908083
-425.43546	7.6403913
-427.37869	7.593895
-429.32233	7.5592179
-431.26636	7.5358133
-433.21078	7.5146322
-435.15561	7.5021467
-437.1008	7.4849057
-439.04642	7.4754019
-440.9924	7.4580193
-442.93881	7.4449253
-444.88333	7.4309983
-446.83051	7.4151025
-448.77808	7.3969741
-450.72604	7.3764853
-452.67441	7.3545156
-454.62317	7.3334088
-456.57233	7.3141499
-458.52188	7.3042254
-460.47183	7.2929034
-462.42215	7.2895069
-464.37515	7.2881231
-466.32626	7.291646
-468.2778	7.3008485
-470.22971	7.3091812
-472.18204	7.3225961
-474.13474	7.3313179
-476.08786	7.3411336
-478.04135	7.347465
-479.99524	7.3508182
-481.94955	7.3552651
-483.90424	7.3500276
-485.85931	7.351716
-487.81482	7.3215728
-489.77069	7.3287315
-491.72925	7.3364077
-493.68591	7.3453941
-495.64297	7.3564777
-497.60046	7.3701372
-499.55832	7.3869629
-501.51657	7.4072175
-503.47525	7.4308577
-505.43658	7.4572787
-507.39603	7.4853148
-509.3559	7.5132475
-511.31616	7.5394087
-513.27679	7.5615854
-515.24011	7.5845542
-517.2016	7.6000791
-519.16345	7.6078715
-521.12567	7.6069264
-523.08832	7.5972342
-525.05365	7.5780187
-527.01709	7.5489745
-528.9809	7.5090141
-530.94519	7.4584446
-532.91211	7.3968463
-534.87714	7.3260779
-536.84259	6.5252981
-538.80841	6.2453499
