-12.6
-12.32
-12.040000000000001
-11.759999999999998
-11.479999999999999
-11.2
-10.92
-10.64
-10.359999999999998
-10.079999999999998
-9.799999999999999
-9.52
-9.240000000000002
-8.959999999999997
-8.679999999999998
-8.399999999999999
-8.120000000000001
-7.840000000000002
-7.559999999999998
-7.2799999999999985
-7.0
-6.720000000000001
-6.440000000000001
-6.1599999999999975
-5.879999999999999
-5.6
-5.32
-5.040000000000002
-4.759999999999998
-4.479999999999999
-4.199999999999999
-3.920000000000001
-3.640000000000002
-3.3599999999999977
-3.0799999999999987
-2.8
-2.520000000000001
-2.240000000000002
-1.959999999999998
-1.6799999999999988
-1.4
-1.120000000000001
-0.840000000000002
-0.5599999999999979
-0.27999999999999897
0.0
0.09999999999999964
0.1999999999999993
0.3000000000000007
0.40000000000000036
0.5
0.5999999999999996
0.6999999999999993
0.8000000000000007
0.9000000000000004
1.0
1.0999999999999996
1.1999999999999993
1.3000000000000007
1.4000000000000004
1.5
1.5999999999999996
1.6999999999999993
1.8000000000000007
1.9000000000000004
2.0
2.0999999999999996
2.1999999999999993
2.3000000000000007
2.4000000000000004
2.5
2.5999999999999996
2.6999999999999993
2.8000000000000007
2.9000000000000004
3.0
3.0999999999999996
3.1999999999999993
3.3000000000000007
3.4000000000000004
3.5
