0.14749261287500115 598.2538377192983
0.36873153218750065 598.2702850877193
0.5899704515000002 598.2867324561404
0.8112093708125006 598.3031798245614
1.032448290125001 598.3196271929825
1.2536872094375004 598.3360745614035
1.47492612875 598.3525219298247
1.6961650480625012 598.3689692982457
1.9911502738125009 598.390899122807
2.2861354995624996 596.6584429824562
2.507374418875 596.6748903508773
2.6548670317499994 596.6858552631579
2.949852257499999 596.7077850877193
3.1710911768125003 594.969846491228
3.392330096125 593.2319078947369
3.539822709 593.2428728070175
3.834807934749999 593.264802631579
4.0560468540625 591.5268640350878
4.42477838625 589.7998903508773
4.793509918437498 588.0729166666667
5.1253682974062515 587.2203947368421
5.383480369937499 586.3623903508771
5.530972982812499 584.6189692982457
5.678465595687499 582.875548245614
5.899704514999999 581.1376096491229
6.047197127874999 581.1485745614035
6.268436047187499 579.4106359649123
6.489674966499998 579.4270833333334
6.6371675793749985 577.6836622807018
6.784660192249999 577.6946271929825
6.932152805124999 575.9512061403509
7.1533917244374985 575.967653508772
7.37463064375 574.2297149122808
7.522123256625 572.4862938596492
7.743362175937498 570.7483552631579
7.890854788812498 570.7593201754387
8.0383474016875 569.015899122807
8.185840014562498 567.2724780701755
8.3333326274375 567.2834429824561
8.480825240312498 567.2944078947369
8.702064159625 565.5564692982457
8.923303078937497 563.8185307017544
9.0707956918125 562.952302631579
9.292034611125 560.3371710526316
9.476400377218745 559.4736842105264
9.6607661433125 558.610197368421
9.882005062624998 556.8722587719299
10.176990288374999 555.139802631579
10.471975514124995 553.407346491228
10.693214433437497 551.6694078947369
10.914453352749998 551.6858552631579
11.135692272062496 551.702302631579
11.356931191374997 551.71875
