k	e	LH	HH	e-LH	e-HH
cm-1					
0	0.63	0	0	0.63	0.63
500000	0.631356110836248	-0.00271222167249636	-2.38123974856017E-4	0.634068332508745	0.631594234811104
1000000	0.635370722072056	-0.010741444144113	-9.52495899424067E-4	0.64611216621617	0.636323217971481
1500000	0.641892780292051	-0.0237855605841011	-0.00214311577370415	0.665678340876152	0.644035896065755
2000000	0.650700099541417	-0.0414001990828345	-0.00380998359769627	0.692100298624252	0.654510083139114
2500000	0.661532037259397	-0.0630640745187934	-0.00595309937140042	0.72459611177819	0.667485136630797
3000000	0.674119235947479	-0.0882384718949575	-0.0085724630948166	0.762357707842436	0.682691699042295
3500000	0.68820512230371	-0.11641024460742	-0.0116680747679448	0.80461536691113	0.699873197071655
4000000	0.703558285837527	-0.147116571675053	-0.0152399343907851	0.85067485751258	0.718798220228312
4500000	0.719977504401733	-0.179955008803465	-0.0192880419633374	0.899932513205198	0.73926554636507
5000000	0.737291941173124	-0.214583882346248	-0.0238123974856017	0.951875823519372	0.761104338658726
5500000	0.755358706511806	-0.250717413023612	-0.028813000957578	1.00607611953542	0.784171707469384
6000000	0.774059305118061	-0.288118610236123	-0.0342898523792664	1.06217791535418	0.808349157497328
6500000	0.793295870766253	-0.326591741532506	-0.0402429517506668	1.11988761229876	0.83353882251692
7000000	0.812987650891638	-0.365975301783277	-0.0466722990717793	1.17896295267492	0.859659949963418
7500000	0.833067932856708	-0.406135865713417	-0.0535778943426038	1.23920379857013	0.886645827199312
8000000	0.853481455321793	-0.446962910643585	-0.0609597375631403	1.30044436596538	0.914441192884933
8500000	0.874182275927063	-0.488364551854127	-0.0688178287333888	1.36254682778119	0.943000104660452
9000000	0.895132037421878	-0.530264074843756	-0.0771521678533494	1.42539611226563	0.972284205275227
9500000	0.916298567720395	-0.57259713544079	-0.085962754923022	1.48889570316118	1.00226132264342
10000000	0.937654753193336	-0.615309506386672	-0.0952495899424067	1.55296425958001	1.03290434313574
10500000	0.959177632421161	-0.658355264842321	-0.105012672911503	1.61753289726348	1.06419030533266
11000000	0.980847666430695	-0.70169533286139	-0.115252003830312	1.68254299929208	1.09609967026101
11500000	1.00264814966227	-0.745296299324534	-0.125967582698833	1.7479444489868	1.1286157323611
12000000	1.02456473302181	-0.789129466043614	-0.137159409517066	1.81369419906542	1.16172414253887
12500000	1.04658503625791	-0.833170072515818	-0.14882748428501	1.87975510877373	1.19541252054292
13000000	1.06869833165841	-0.877396663316825	-0.160971807002667	1.94609499497524	1.22967013866108
13500000	1.09089528484588	-0.921790569691751	-0.173592377670036	2.01268585453763	1.26448766251591
14000000	1.11316774143835	-0.966335482876708	-0.186689196287117	2.07950322431506	1.29985693772547
14500000	1.13550855068855	-1.01101710137709	-0.20026226285391	2.14652565206564	1.33577081354246
15000000	1.15791141905421	-1.05582283810843	-0.214311577370415	2.21373425716264	1.37222299642463
15500000	1.18037078809518	-1.10074157619037	-0.228837139836632	2.28111236428555	1.40920792793182
16000000	1.20288173222418	-1.14576346444837	-0.243838950252561	2.34864519667255	1.44672068247674
16500000	1.22543987272912	-1.19087974545824	-0.259317008618202	2.41631961818736	1.48475688134732
17000000	1.24804130518635	-1.2360826103727	-0.275271314933555	2.48412391555904	1.5233126201199
17500000	1.27068253793977	-1.28136507587953	-0.291701869198621	2.5520476138193	1.56238440713839
18000000	1.29336043976135	-1.3267208795227	-0.308608671413398	2.62008131928405	1.60196911117475
18500000	1.31607219515972	-1.37214439031945	-0.325991721577887	2.68821658547917	1.64206391673761
19000000	1.33881526608416	-1.41763053216833	-0.343851019692088	2.75644579825249	1.68266628577625
19500000	1.36158735899662	-1.46317471799323	-0.362186565756001	2.82476207698985	1.72377392475262
20000000	1.38438639646589	-1.50877279293178	-0.380998359769627	2.89315918939767	1.76538475623552
20500000	1.40721049258499	-1.55442098516998	-0.400286401732964	2.96163147775498	1.80749689431796
21000000	1.43005793163169	-1.60011586326339	-0.420050691646014	3.03017379489508	1.85010862327771
21500000	1.4529271494896	-1.6458542989792	-0.440291229508775	3.09878144846879	1.89321837899837
22000000	1.47581671742642	-1.69163343485284	-0.461008015321248	3.16745015227925	1.93682473274767
22500000	1.49872532789133	-1.73745065578265	-0.482201049083434	3.23617598367398	1.98092637697476
23000000	1.52165178204704	-1.78330356409407	-0.503870330795331	3.30495534614111	2.02552211284237
23500000	1.54459497879666	-1.82918995759332	-0.526015860456941	3.37378493638997	2.0706108392536
24000000	1.56755390510216	-1.87510781020432	-0.548637638068262	3.44266171530648	2.11619154317042
24500000	1.59052762742204	-1.92105525484407	-0.571735663629296	3.51158288226611	2.16226329105133
25000000	1.61351528412128	-1.96703056824255	-0.595309937140042	3.58054585236383	2.20882522126132
25500000	1.63651607872822	-2.01303215745643	-0.619360458600499	3.64954823618465	2.25587653732872
26000000	1.65952927393086	-2.05905854786173	-0.643887228010669	3.71858782179259	2.30341650194153
26500000	1.68255418622046	-2.10510837244092	-0.668890245370551	3.78766255866138	2.35144443159101
27000000	1.70559018110287	-2.15118036220573	-0.694369510680145	3.8567705433086	2.39995969178301
27500000	1.72863666880921	-2.19727333761842	-0.720325023939451	3.92591000642764	2.44896169274866
28000000	1.75169310044652	-2.24338620089303	-0.746756785148468	3.99507930133955	2.49844988559499
28500000	1.77475896453683	-2.28951792907366	-0.773664794307198	4.06427689361049	2.54842375884403
29000000	1.79783378390015	-2.3356675678003	-0.80104905141564	4.13350135170045	2.59888283531579
29500000	1.82091711284219	-2.38183422568437	-0.828909556473794	4.20275133852656	2.64982666931598
30000000	1.84400853461289	-2.42801706922577	-0.85724630948166	4.27202560383866	2.70125484409455
30500000	1.867107659106	-2.47421531821199	-0.886059310439238	4.34132297731799	2.75316696954523
31000000	1.89021412077351	-2.52042824154702	-0.915348559346528	4.41064236232052	2.80556268012004
31500000	1.91332757673205	-2.5666551534641	-0.94511405620353	4.47998273019616	2.85844163293558
32000000	1.93644770504104	-2.61289541008208	-0.975355801010244	4.54934311512312	2.91180350605128
32500000	1.95957420313473	-2.65914840626946	-1.00607379376667	4.61872260940419	2.9656479969014
33000000	1.98270678639248	-2.70541357278497	-1.03726803447281	4.68812035917745	3.01997482086529
33500000	2.00584518683325	-2.75169037366649	-1.06893852312866	4.75753556049974	3.0747837099619
34000000	2.02898915192191	-2.79797830384381	-1.10108525973422	4.82696745576572	3.13007441165613
34500000	2.05213844347656	-2.84427688695312	-1.1337082442895	4.89641533042968	3.18584668776606
35000000	2.07529283666689	-2.89058567333378	-1.16680747679448	4.96587851000068	3.24210031346137
35500000	2.09845211909494	-2.93690423818989	-1.20038295724918	5.03535635728483	3.29883507634413
36000000	2.12161608995056	-2.98323217990113	-1.23443468565359	5.10484826985169	3.35605077560415
36500000	2.1447845592345	-3.029569118469	-1.26896266200771	5.1743536777035	3.41374722124221
37000000	2.16795734704298	-3.07591469408596	-1.30396688631155	5.24387204112895	3.47192423335453
37500000	2.19113428290818	-3.12226856581636	-1.33944735856509	5.31340284872453	3.53058164147327
38000000	2.21431520518952	-3.16863041037904	-1.37540407876835	5.38294561556856	3.58971928395787
38500000	2.23749996051141	-3.21499992102281	-1.41183704692132	5.45249988153422	3.64933700743273
39000000	2.26068840324321	-3.26137680648641	-1.44874626302401	5.52206520972961	3.70943466626721
39500000	2.28388039501791	-3.30776079003583	-1.4861317270764	5.59164118505374	3.77001212209431
40000000	2.30707580428617	-3.35415160857235	-1.52399343907851	5.66122741285852	3.83106924336468
40500000	2.33027450590266	-3.40054901180532	-1.56233139903033	5.73082351770798	3.89260590493299
41000000	2.35347638074212	-3.44695276148424	-1.60114560693186	5.80042914222637	3.95462198767398
41500000	2.37668131534266	-3.49336263068532	-1.6404360627831	5.87004394602798	4.01711737812576
42000000	2.399889201574	-3.53977840314799	-1.68020276658405	5.93966760472199	4.08009196815805
42500000	2.42309993632874	-3.58619987265749	-1.72044571833472	6.00929980898623	4.14354565466347
43000000	2.44631342123482	-3.63262684246964	-1.7611649180351	6.07894026370445	4.20747833926992
43500000	2.46952956238733	-3.67905912477466	-1.80236036568519	6.148588687162	4.27188992807252
44000000	2.49274827009848	-3.72549654019696	-1.84403206128499	6.21824481029544	4.33678033138347
44500000	2.51596945866397	-3.77193891732795	-1.88618000483451	6.28790837599192	4.40214946349848
45000000	2.53919304614482	-3.81838609228965	-1.92880419633374	6.35757913843447	4.46799724247856
45500000	2.56241895416325	-3.8648379083265	-1.97190463578267	6.42725686248975	4.53432358994592
46000000	2.58564710771172	-3.91129421542343	-2.01548132318133	6.49694132313515	4.60112843089304
46500000	2.60887743497409	-3.95775486994819	-2.05953425852969	6.56663230492228	4.66841169350378
47000000	2.63210986715806	-4.00421973431612	-2.10406344182776	6.63632960147418	4.73617330898582
47500000	2.65534433833793	-4.05068867667586	-2.14906887307555	6.7060330150138	4.80441321141348
48000000	2.67858078530719	-4.09716157061437	-2.19455055227305	6.77574235592156	4.87313133758024
48500000	2.70181914743997	-4.14363829487994	-2.24050847942026	6.84545744231992	4.94232762686023
49000000	2.72505936656098	-4.19011873312196	-2.28694265451718	6.91517809968293	5.01200202107816
49500000	2.74830138682309	-4.23660277364618	-2.33385307756382	6.98490416046928	5.08215446438691
50000000	2.7715451545923	-4.28309030918459	-2.38123974856017	7.05463546377689	5.15278490315246
