491.4045245946705
491.25981126045156
491.22576317505803
491.3790001228191
491.29092271131157
491.2437686577722
491.2461231576171
491.07269228417226
491.1542029673588
490.9854255591945
491.15931872112594
491.0177043906031
491.03851173775627
490.882661212032
490.91708182570704
490.7660677934565
490.55986139465574
490.60509112102886
490.66634428998947
490.55700064243064
490.5888169023571
490.51364309983404
490.4067843008708
490.40692757517866
490.5301902086072
490.5204194766613
490.6693658332871
490.7644329458732
490.8317420780281
490.8859832755545
490.98127191371475
491.05659228732486
491.07647782650446
491.12059629045865
491.1748866216945
491.1672227678481
491.19327742569305
491.219231133541
491.3908133474828
491.26065971453426
491.399687191605
491.33711411255683
491.3166220137711
491.3958635804297
491.31238434058486
491.1994048121542
491.43313019627425
491.24306367686256
491.38905618245747
491.3615810948879
491.46428091421257
