2.3000000000000007
2.200000000000001
2.1000000000000014
2.0
1.9000000000000004
1.8000000000000007
1.700000000000001
1.6000000000000014
1.5
1.4000000000000004
1.3000000000000007
1.200000000000001
1.1000000000000014
1.0
0.9000000000000004
0.8000000000000007
0.7000000000000011
0.6000000000000014
0.5
0.40000000000000036
0.3000000000000007
0.20000000000000107
0.10000000000000142
0.0
-0.3079999999999989
-0.6159999999999978
-0.9239999999999967
-1.2319999999999955
-1.54
-1.847999999999999
-2.155999999999998
-2.463999999999997
-2.771999999999996
-3.08
-3.387999999999999
-3.695999999999998
-4.003999999999997
-4.311999999999996
-4.62
-4.927999999999999
-5.235999999999998
-5.543999999999997
-5.851999999999996
-6.16
-6.467999999999999
-6.775999999999998
-7.083999999999997
-7.391999999999996
-7.7
-8.008
-8.315999999999997
