-0.09930749639638847 592.1052631578948
0.09930749639640268 592.1052631578948
0.2979224891891974 592.1052631578948
0.4965374819819921 592.1052631578948
0.6951524747747833 592.1052631578948
0.943421215765774 592.1052631578948
1.0923824603603691 592.1052631578948
1.2909974531531638 591.2280701754386
1.489612445945955 591.2280701754386
1.6882274387387461 590.3508771929825
1.8868424315315409 590.3508771929825
2.0358036761261324 589.4736842105262
2.234418668918927 588.5964912280701
2.433033661711722 588.5964912280701
2.6813024027027126 588.5964912280701
2.979224891891903 586.8421052631579
3.177839884684694 585.9649122807018
3.326801129279289 585.0877192982456
3.57506987027028 585.0877192982456
3.7736848630630746 585.0877192982456
4.021953604054065 585.0877192982456
4.270222345045056 583.3333333333334
4.468837337837847 583.3333333333334
4.667452330630638 583.3333333333334
4.866067323423433 581.578947368421
5.163989812612623 581.578947368421
5.3626048054054145 579.8245614035088
