0.4275559820083643 600.8849557522124
0.6840895712133843 600.8849557522124
1.02613435682008 600.8849557522124
1.3254235442259414 600
1.7102239280334715 600
2.05226871364016 600
2.3943134992468558 599.1150442477876
2.7363582848535515 599.1150442477876
3.078403070460247 598.2300884955753
3.3776922578661086 597.3451327433629
3.591470248870287 595.5752212389381
3.933515034476983 595.5752212389381
4.275559820083679 593.8053097345132
4.617604605690371 592.9203539823009
4.9596493912970665 591.1504424778761
5.301694176903762 589.3805309734514
5.643738962510454 588.4955752212389
5.900272551715478 587.6106194690266
6.156806140920498 586.7256637168142
6.413339730125518 585.8407079646018
6.755384515732214 584.070796460177
7.054673703138068 582.3008849557523
7.396718488744764 581.4159292035398
7.696007676150625 579.6460176991151
7.952541265355645 579.6460176991151
8.209074854560665 577.8761061946902
8.508364041966523 576.9911504424779
8.764897631171543 576.1061946902655
9.064186818577404 574.3362831858408
9.406231604184093 574.3362831858408
9.79103198799162 574.3362831858408
10.090321175397484 573.4513274336284
