2163.88	1.85
2162.06	1.85
2160.23	1.85
2158.4	1.825
2156.57	1.85667
2154.74	1.825
2152.91	1.86333
2151.08	1.84
2149.25	1.85
2147.42	1.825
2145.59	1.82
2143.76	1.83667
2141.93	1.9
2140.1	1.805
2138.26	1.80167
2136.43	1.845
2134.6	1.825
2132.77	1.85833
2130.94	1.805
2129.1	1.77833
2127.27	1.86
2125.44	1.785
2123.6	1.81
2121.77	1.83167
2119.94	1.81833
2118.1	1.77833
2116.27	1.735
2114.43	1.73333
2112.6	1.79333
2110.76	1.74333
2108.93	1.77167
2107.09	1.82833
2105.26	1.77333
2103.42	1.74333
2101.58	1.84333
2099.75	1.8
2097.91	1.78833
2096.07	1.77167
2094.24	1.75167
2092.4	1.78667
2090.56	1.78333
2088.72	1.76
2086.89	1.80333
2085.05	1.755
2083.21	1.67833
2081.37	1.78167
2079.53	1.74167
2077.69	1.73333
2075.85	1.74833
2074.01	1.76167
2072.17	1.67833
2070.33	1.7
2068.49	1.73167
2066.65	1.745
2064.81	1.70667
2062.97	1.73
2061.13	1.74667
2059.29	1.715
2057.44	1.70167
2055.6	1.71
2053.76	1.715
2051.92	1.75
2050.07	1.67833
2048.23	1.71667
2046.39	1.68
2044.54	1.70667
2042.7	1.68
2040.85	1.69667
2039.01	1.66833
2037.16	1.68
2035.32	1.65167
2033.47	1.74333
2031.63	1.64167
2029.79	1.65833
2027.94	1.66
2026.09	1.70667
2024.25	1.66333
2022.4	1.64667
2020.55	1.62
2018.7	1.67167
2016.86	1.69833
2015.01	1.625
2013.16	1.65
2011.31	1.66167
2009.47	1.60667
2007.62	1.63333
2005.77	1.63
2003.92	1.68833
2002.07	1.63167
2000.22	1.57833
1998.37	1.625
1996.52	1.61667
1994.67	1.59833
1992.82	1.615
1990.97	1.65
1989.12	1.63
1987.27	1.625
1985.42	1.58333
1983.57	1.62167
1981.71	1.62833
1979.86	1.63667
1978.01	1.64167
1976.16	1.625
1974.31	1.62833
1972.45	1.60667
1970.6	1.61833
1968.75	1.56333
1966.89	1.555
1965.04	1.605
1963.19	1.57333
1961.33	1.58833
1959.48	1.635
1957.62	1.54
1955.76	1.56667
1953.91	1.56667
1952.05	1.58833
1950.2	1.56
1948.34	1.57167
1946.49	1.52333
1944.63	1.525
1942.78	1.57167
1940.92	1.52333
1939.06	1.59167
1937.2	1.6
1935.34	1.58
1933.49	1.56167
1931.63	1.57
1929.77	1.565
1927.91	1.55667
1926.05	1.57333
1924.19	1.575
1922.33	1.54333
1920.47	1.55833
1918.61	1.53833
1916.75	1.54167
1914.89	1.535
1913.03	1.545
1911.17	1.555
1909.31	1.51667
1907.45	1.5
1905.59	1.52333
1903.73	1.535
1901.87	1.545
1900	1.56833
1898.14	1.52
1896.28	1.53
1894.41	1.53667
1892.55	1.48333
1890.68	1.575
1888.82	1.53167
1886.96	1.53333
1885.09	1.59667
1883.23	1.47167
1881.37	1.53333
1879.5	1.51167
1877.64	1.53667
1875.77	1.49
1873.9	1.50667
1872.04	1.57167
1870.17	1.495
1868.31	1.47333
1866.44	1.505
1864.57	1.50667
1862.7	1.51333
1860.84	1.515
1858.97	1.47
1857.1	1.56
1855.23	1.48833
1853.37	1.49333
1851.49	1.515
1849.63	1.475
1847.76	1.475
1845.89	1.46833
1844.02	1.47167
1842.15	1.47333
1840.28	1.47333
1838.41	1.5
1836.54	1.46667
1834.67	1.47833
1832.8	1.49833
1830.93	1.47667
1829.06	1.485
1827.18	1.50667
1825.31	1.47833
1823.44	1.45667
1821.57	1.43167
1819.69	1.43
1817.82	1.43
1815.95	1.43167
1814.08	1.48167
1812.2	1.43333
1810.33	1.46167
1808.45	1.43333
1806.58	1.46
1804.7	1.44333
1802.83	1.42333
1800.95	1.435
1799.08	1.455
1797.2	1.41667
1795.33	1.44667
1793.45	1.46667
1791.57	1.39667
1789.7	1.41
1787.82	1.43833
1785.94	1.435
1784.06	1.44
1782.19	1.445
1780.31	1.41667
1778.43	1.42667
1776.55	1.41333
1774.68	1.42
1772.8	1.40167
1770.92	1.41833
1769.04	1.39667
1767.16	1.42833
1765.28	1.40333
1763.4	1.39833
1761.52	1.41
1759.64	1.41333
1757.76	1.35667
1755.88	1.34
1754	1.38833
1752.11	1.38
1750.23	1.38667
1748.35	1.36833
1746.47	1.35833
1744.59	1.40333
1742.7	1.36833
1740.82	1.375
1738.94	1.43167
1737.05	1.445
1735.17	1.37667
1733.29	1.44833
1731.4	1.37167
1729.52	1.34
1727.63	1.34333
1725.75	1.39167
1723.87	1.415
1721.98	1.37667
1720.09	1.39
1718.21	1.35
1716.32	1.37
1714.44	1.37167
1712.55	1.33833
1710.66	1.38833
1708.77	1.37167
1706.89	1.36
1705	1.37833
1703.11	1.39333
1701.22	1.34
1699.33	1.39667
1697.45	1.40167
1695.56	1.33667
1693.67	1.36333
1691.78	1.38
1689.89	1.30333
1688	1.33
1686.11	1.355
1684.22	1.36
1682.33	1.34
1680.44	1.38
1678.55	1.34667
1676.66	1.34
1674.77	1.31833
1672.87	1.34167
1670.98	1.345
1669.09	1.32667
1667.2	1.34167
1665.3	1.30833
1663.41	1.34
1661.52	1.33333
1659.63	1.35167
1657.73	1.35833
1655.84	1.31333
1653.94	1.325
1652.05	1.36
1650.15	1.36833
1648.26	1.32333
1646.36	1.33
1644.47	1.33333
1642.57	1.34667
1640.68	1.34
1638.78	1.32333
1636.89	1.34667
1634.99	1.38333
1633.09	1.35167
1631.19	1.31667
1629.3	1.34333
1627.4	1.31167
1625.5	1.295
1623.6	1.32667
1621.7	1.33333
1619.81	1.315
1617.91	1.345
1616.01	1.33833
1614.11	1.31333
1612.21	1.32833
1610.31	1.36667
1608.41	1.31333
1606.51	1.30833
1604.61	1.27167
1602.71	1.32833
1600.81	1.34333
1598.91	1.34833
1597.01	1.335
1595.1	1.305
1593.2	1.31667
1591.3	1.29333
1589.4	1.30333
1587.49	1.32333
1585.59	1.31167
1583.69	1.27167
1581.78	1.34833
1579.88	1.29333
1577.97	1.33833
1576.07	1.29167
1574.17	1.29
1572.26	1.24
1570.36	1.33333
1568.45	1.28667
1566.55	1.31167
1564.64	1.3
1562.74	1.26167
1560.83	1.275
1558.92	1.25667
1557.01	1.27
1555.11	1.345
1553.2	1.64333
1551.29	2.02667
1549.39	1.88
1547.48	1.56167
1545.57	1.38
1543.66	1.35167
1541.75	1.305
1539.84	1.285
1537.93	1.305
1536.02	1.26167
1534.12	1.23167
1532.21	1.25333
1530.29	1.29
1528.38	1.27167
1526.48	1.275
1524.56	1.23667
1522.65	1.235
1520.74	1.25333
1518.83	1.24667
1516.92	1.27167
1515.01	1.285
1513.09	1.27
1511.18	1.27667
1509.27	1.24333
1507.35	1.18
1505.44	1.22833
1503.53	1.265
1501.61	1.25167
1499.7	1.23167
1497.79	1.245
1495.87	1.2
1493.96	1.22333
1492.04	1.24833
1490.12	1.23167
1488.21	1.25667
1486.29	1.22167
1484.38	1.22667
1482.46	1.18167
1480.54	1.195
1478.63	1.16
1476.71	1.20667
1474.79	1.17667
1472.87	1.20167
1470.96	1.21833
1469.04	1.11167
1467.12	1.16667
1465.2	1.225
1463.28	1.2
1461.36	1.20167
1459.44	1.21
1457.52	1.16667
1455.6	1.20167
1453.68	1.205
1451.76	1.19833
1449.84	1.215
1447.92	1.18167
1446	1.18833
1444.08	1.15167
1442.16	1.18167
1440.24	1.165
1438.31	1.17833
1436.39	1.18333
1434.47	1.215
1432.54	1.17833
1430.62	1.185
1428.7	1.17333
1426.78	1.19667
1424.85	1.19167
1422.93	1.14
1421	1.18833
1419.08	1.145
1417.15	1.15333
1415.23	1.19
1413.3	1.14667
1411.38	1.17833
1409.45	1.14
1407.53	1.205
1405.6	1.16333
1403.67	1.17333
1401.75	1.21333
1399.82	1.18833
1397.89	1.16333
1395.96	1.15167
1394.03	1.19
1392.11	1.14
1390.18	1.15
1388.25	1.16833
1386.32	1.165
1384.39	1.135
1382.46	1.18
1380.53	1.16333
1378.6	1.19667
1376.67	1.17833
1374.74	1.19
1372.81	1.15667
1370.88	1.15833
1368.95	1.16667
1367.02	1.165
1365.09	1.19
1363.15	1.16167
1361.22	1.14167
1359.29	1.18
1357.36	1.17167
1355.43	1.16
1353.49	1.16167
1351.56	1.12667
1349.63	1.175
1347.69	1.18167
1345.76	1.16667
1343.82	1.18833
1341.89	1.21667
1339.95	1.17167
1338.02	1.14667
1336.08	1.125
1334.15	1.13167
1332.21	1.165
1330.28	1.15833
1328.34	1.145
1326.4	1.16167
1324.46	1.18167
1322.53	1.16
1320.59	1.16
1318.65	1.15
1316.71	1.175
1314.77	1.17833
1312.84	1.195
1310.9	1.13667
1308.96	1.15667
1307.02	1.19833
1305.08	1.17
1303.14	1.16833
1301.2	1.145
1299.26	1.18667
1297.32	1.13333
1295.38	1.14333
1293.44	1.17333
1291.5	1.18667
1289.56	1.13833
1287.61	1.18167
1285.67	1.17833
1283.73	1.155
1281.79	1.175
1279.84	1.16333
1277.9	1.165
1275.96	1.13833
1274.02	1.15167
1272.07	1.2
1270.13	1.17333
1268.19	1.165
1266.24	1.165
1264.29	1.14833
1262.35	1.21167
1260.4	1.215
1258.46	1.17333
1256.51	1.14667
1254.56	1.14167
1252.62	1.15667
1250.68	1.17667
1248.73	1.20167
1246.78	1.175
1244.83	1.22667
1242.89	1.19
1240.94	1.21167
1238.99	1.175
1237.04	1.20333
1235.09	1.165
1233.14	1.19667
1231.2	1.22167
1229.25	1.19667
1227.3	1.2
1225.35	1.23333
1223.39	1.22333
1221.44	1.18
1219.49	1.23167
1217.54	1.195
1215.59	1.225
1213.64	1.28
1211.69	1.25833
1209.74	1.275
1207.78	1.26667
1205.83	1.28
1203.88	1.34667
1201.93	1.35333
1199.98	1.36
1198.02	1.44333
1196.07	1.44333
1194.12	1.49333
1192.16	1.50667
1190.2	1.49667
1188.25	1.49833
1186.3	1.53667
1184.34	1.5
1182.39	1.54
1180.43	1.55833
1178.47	1.56667
1176.52	1.54667
1174.56	1.54833
1172.6	1.56
1170.65	1.57167
1168.69	1.56
1166.73	1.57167
1164.78	1.55667
1162.82	1.58833
1160.86	1.57167
1158.9	1.61167
1156.94	1.53
1154.98	1.49
1153.02	1.53333
1151.06	1.54
1149.1	1.525
1147.14	1.58167
1145.18	1.495
1143.22	1.51667
1141.26	1.49167
1139.3	1.50833
1137.34	1.49833
1135.38	1.52333
1133.42	1.43
1131.46	1.48833
1129.49	1.47
1127.53	1.45167
1125.57	1.43833
1123.6	1.39167
1121.64	1.42333
1119.68	1.38167
1117.71	1.37167
1115.75	1.39667
1113.79	1.41
1111.82	1.415
1109.86	1.40167
1107.89	1.33833
1105.93	1.43667
1103.96	1.42167
1101.99	1.445
1100.03	1.45667
1098.06	1.46
1096.09	1.45
1094.13	1.385
1092.16	1.42167
1090.19	1.42
1088.23	1.445
1086.26	1.44333
1084.29	1.47
1082.32	1.48
1080.35	1.45833
1078.38	1.45333
1076.41	1.48833
1074.45	1.47833
1072.48	1.47833
1070.51	1.465
1068.54	1.45
1066.56	1.465
1064.59	1.42
1062.62	1.47
1060.65	1.38667
1058.68	1.37167
1056.71	1.44
1054.74	1.38333
1052.76	1.40167
1050.79	1.425
1048.82	1.42833
1046.85	1.37333
1044.87	1.39333
1042.9	1.38833
1040.92	1.38667
1038.95	1.39333
1036.98	1.37
1035	1.36
1033.03	1.35167
1031.05	1.355
1029.07	1.36
1027.1	1.32167
1025.12	1.34
1023.15	1.32167
1021.17	1.345
1019.19	1.30833
1017.22	1.345
1015.24	1.32167
1013.26	1.32667
1011.28	1.37
1009.31	1.23833
1007.33	1.35667
1005.35	1.31
1003.37	1.36
1001.39	1.32333
999.411	1.295
997.433	1.27833
995.455	1.35667
993.472	1.30667
991.493	1.34333
989.514	1.36
987.531	1.305
985.552	1.36833
983.568	1.38
981.588	1.36167
979.604	1.28
977.624	1.32833
975.643	1.26333
973.658	1.295
971.678	1.28667
969.692	1.32
967.711	1.33333
965.725	1.285
963.744	1.33333
961.758	1.31
959.771	1.27333
957.789	1.28167
955.802	1.29
953.819	1.26167
951.832	1.29167
949.849	1.26
947.861	1.31833
945.873	1.32333
943.89	1.29833
941.901	1.27167
939.913	1.29667
937.928	1.28167
935.94	1.28167
933.95	1.315
931.965	1.27833
929.976	1.29833
927.986	1.30167
925.996	1.285
924.01	1.25
922.02	1.28
920.029	1.28333
918.038	1.29
916.051	1.28167
914.06	1.275
912.068	1.22667
910.077	1.235
908.085	1.285
906.097	1.27
904.105	1.325
902.112	1.295
900.119	1.29167
898.126	1.25167
896.133	1.29667
894.14	1.325
892.146	1.31
890.152	1.28
888.158	1.29667
886.168	1.25167
884.174	1.28
882.179	1.29833
880.184	1.26667
878.189	1.32667
876.193	1.32667
874.198	1.305
872.202	1.295
870.206	1.36
868.21	1.28167
866.209	1.33
864.213	1.32167
862.216	1.34333
860.219	1.31667
858.221	1.30833
856.224	1.28833
854.226	1.365
852.228	1.37833
850.23	1.34
848.227	1.35833
846.229	1.38333
844.23	1.37333
842.231	1.36833
840.232	1.36
838.232	1.37167
836.228	1.39833
834.228	1.37
832.228	1.39667
830.228	1.42333
828.223	1.40667
826.222	1.41333
824.221	1.405
822.22	1.44833
820.214	1.47167
818.213	1.46833
816.211	1.49
814.205	1.43833
812.202	1.485
810.2	1.495
808.193	1.465
806.19	1.56167
804.183	1.62167
802.179	1.61333
800.176	1.615
798.168	1.665
796.164	1.685
794.155	1.64
792.151	1.64
790.142	1.66333
788.137	1.68
786.132	1.7
784.122	1.695
782.117	1.715
780.107	1.64667
778.101	1.66333
776.09	1.66833
774.08	1.695
772.073	1.67333
770.062	1.68833
768.055	1.61167
766.043	1.63667
764.036	1.61333
762.024	1.615
760.012	1.64
758.003	1.59333
755.991	1.635
753.978	1.60833
751.969	1.695
749.956	1.70833
747.942	1.655
745.933	1.65833
743.919	1.625
741.905	1.645
739.895	1.6
737.88	1.65667
735.865	1.62167
733.85	1.66667
731.839	1.59
729.824	1.615
727.808	1.685
725.792	1.61167
723.776	1.69833
721.764	1.66333
719.747	1.69333
717.731	1.685
715.714	1.705
713.696	1.70833
711.679	1.755
709.665	1.76167
707.648	1.72167
705.629	1.78
703.611	1.79333
701.593	1.79833
699.574	1.765
697.555	1.78833
695.536	1.81667
693.516	1.75
691.497	1.77
689.477	1.805
687.457	1.88833
685.436	1.88667
683.416	1.93833
681.395	1.92667
679.374	2.005
677.353	1.98
675.331	2.02167
673.31	2.015
671.288	2.02333
669.266	1.975
667.244	2.01
665.221	1.98
663.194	2.015
661.171	1.945
659.148	2.045
657.125	1.98833
655.101	2.045
653.077	2.02667
651.049	1.955
649.025	2.045
647	2.06167
644.975	2.06333
642.951	2.19333
640.921	2.17833
638.896	2.2
636.87	2.15167
634.844	2.21
632.814	2.14667
630.788	2.17167
628.761	2.25833
626.734	2.255
624.703	2.27667
622.676	2.29
620.649	2.26833
618.617	2.28833
616.589	2.25667
614.557	2.255
612.529	2.28
610.5	2.335
608.467	2.38833
606.438	2.445
604.405	2.41667
602.375	2.49833
600.346	2.53667
598.312	2.49
596.282	2.56833
594.247	2.645
592.217	2.67
590.182	2.74667
588.151	2.77167
586.115	2.75667
584.084	2.835
582.048	2.79
580.016	2.76333
577.98	2.755
575.944	2.73167
573.911	2.76167
571.874	2.62167
569.841	2.59333
567.804	2.64333
565.77	2.54167
563.733	2.61333
561.695	2.55667
559.66	2.53667
557.622	2.46333
555.583	2.44333
553.548	2.53333
551.509	2.47333
549.47	2.42333
547.434	2.46333
545.395	2.47167
543.354	2.495
541.314	2.54167
539.278	2.515
537.237	2.545
535.196	2.53833
533.155	2.51833
531.113	2.57833
529.076	2.585
527.034	2.52167
524.992	2.535
522.95	2.62833
520.907	2.60833
518.869	2.59667
516.826	2.575
514.782	2.63167
512.739	2.64167
510.695	2.685
508.651	2.79167
506.607	2.86833
504.563	3.045
502.518	3.205
500.474	3.31167
498.428	3.665
496.383	4.17333
494.338	5.67833
492.296	8.325
490.25	11.8583
488.204	12.65
486.154	9.565
484.107	6.605
482.06	5.31167
480.013	4.655
477.966	4.43167
475.918	4.535
473.871	4.61
471.823	4.34667
469.774	4.075
467.726	3.89
465.677	3.63
463.628	3.57833
461.579	3.725
459.526	3.76667
457.476	3.91333
455.427	4.21
453.377	4.685
451.326	5.45333
449.272	6.76333
447.221	7.89167
445.17	7.47333
443.119	5.93
441.068	4.98667
439.012	4.42667
436.96	4.27667
434.908	4.09
432.856	3.94667
430.799	3.86833
428.746	3.76667
426.693	3.74667
424.636	3.64667
422.583	3.55167
420.529	3.51833
418.471	3.78667
416.417	4.01667
414.362	4.015
412.304	3.80333
410.249	3.69333
408.19	3.84667
406.135	3.84
404.079	3.89833
402.019	3.90333
399.963	3.875
397.903	3.80833
395.847	3.72
393.786	3.60167
391.729	3.49
389.668	3.655
387.611	3.62167
385.549	3.50667
383.491	3.43833
381.429	3.42333
379.371	3.45333
377.308	3.53667
375.249	3.485
373.186	3.43
371.123	3.36167
369.064	3.37833
367	3.43667
364.94	3.465
362.876	3.45333
360.812	3.34833
358.751	3.32833
356.686	3.425
354.621	3.34
352.56	3.43
350.494	3.28333
348.428	3.21167
346.367	3.195
344.3	3.07167
342.234	3.08833
340.167	3.01167
338.104	2.94167
336.037	2.99167
333.97	3.01667
331.902	3.08
329.838	3.08
327.77	3.08833
325.702	3.13167
323.633	3.25667
321.564	3.345
319.5	3.34333
317.43	3.36667
315.361	3.23
313.291	3.22667
311.221	3.205
309.151	3.04667
307.081	2.94667
305.01	2.77
302.943	2.545
300.872	2.28167
298.801	2.025
296.729	1.77333
294.658	1.57
292.585	1.38667
290.513	1.22667
288.441	1.11
286.368	0.99
284.295	0.89
282.222	0.815
280.148	0.73
278.075	0.725
276.001	0.621667
273.927	0.628333
271.853	0.583333
269.778	0.566667
267.703	0.518333
265.624	0.535
263.549	0.505
261.473	0.511667
259.397	0.483333
257.321	0.445
255.245	0.463333
253.169	0.506667
251.088	0.466667
249.011	0.455
246.934	0.471667
244.857	0.481667
242.779	0.5
240.701	0.493333
238.619	0.466667
236.541	0.461667
234.462	0.491667
232.384	0.481667
230.3	0.466667
228.221	0.493333
226.142	0.496667
224.058	0.49
221.978	0.46
219.898	0.495
217.817	0.498333
215.733	0.5
213.652	0.516667
211.571	0.513333
209.485	0.52
207.404	0.5
205.318	0.508333
203.236	0.508333
201.154	0.565
199.067	0.551667
196.984	0.501667
194.897	0.505
192.814	0.536667
190.726	0.541667
188.643	0.515
186.559	0.506667
184.471	0.511667
182.386	0.525
180.297	0.556667
178.213	0.555
176.123	0.53
174.038	0.521667
171.948	0.536667
169.859	0.543333
167.773	0.553333
165.682	0.555
163.596	0.541667
