492.36859891208786
492.8768628856658
492.8180299957745
492.57926572138877
492.78581264106265
492.62615337433266
492.60149813955906
492.4426498406581
492.6228012478412
492.6088078089056
492.14838079314836
492.38061477027605
492.34690190752576
492.39991637161916
492.1003822729134
492.0711215412396
492.32566009110775
492.1244651465425
492.2357145915768
492.23594427859183
492.26099799190524
492.45560613052464
492.4568527926665
492.6005942164294
492.59587449686455
492.69084495877985
492.7370012026944
492.7343871007381
492.7690106899811
492.896840337494
492.75794619990273
492.71442252572353
492.7907755769903
493.00613687661587
492.93887709710356
492.81453057461584
492.931411475492
492.94679101398987
493.2092023788264
492.9141063529313
492.99004599836763
