1.094301390772865
1.1007840529498147
1.1123883084624875
1.1188755426731485
1.1236996010315432
1.1145708600815851
1.1007262405812124
1.085387608380636
1.0716721792601234
1.0593227599340214
1.0499928739026847
1.038894744666115
1.0281069494852304
1.022401483790565
1.01729717757056
1.0108144221445896
1.0095204493895569
1.0072331035603517
1.0088877565743815
1.0147596201205915
1.0157595270884618
1.0131165120325851
1.0140020050229903
1.0140537138221362
1.0092089256823678
1.005200207286621
1.0009639008485332
0.9988478661331529
0.9933305191892781
0.9891445486672812
0.9857939973331962
0.9841606108043313
0.9805022510050776
0.977072318208343
0.9786278994521488
0.9762211501832581
0.9729703248252891
0.9680200413622984
0.9695261504630788
0.9653783774424549
0.9631293477850905
0.955719447652608
0.9577740897941901
0.9561254888903062
0.9542961858949853
0.9572688641300348
0.9540297065742673
0.955216772607494
0.9571492180300071
0.9547067483724532
0.9510686679550083
0.9524022208312117
0.9542726520896181
0.9536976004640043
0.9507589580647391
0.9534182167228062
0.9542923258533834
0.9493966715911363
0.9533097616418766
0.9514016624476921
0.9552346082551153
0.9520530795114891
0.955995749365938
0.9554144564572532
0.9562590676097216
0.9525979431974881
0.9558721096763467
0.9585984414278127
0.9649601876992285
0.9596241630716202
0.9608946086960406
0.9580047597103537
0.9673826396993611
0.9665852449892127
0.9628623909539075
0.9659566749210773
0.9600683854788419
0.9655605096061075
0.9665809730873822
0.9672799166275033
0.9783153303702782
